,opt_param,final_state,cost,mean_cost,n_iteration
0,[0.30801008 2.39593761 2.5389973  6.52478917],"[0, 0, 0, 0, 1, 1, 0, 1, 1, 1]",-17.000000000000004,-15.225799940831237,875
1,[0.40941745 3.38585416 0.30946922 6.93918056],"[0, 0, 0, 1, 0, 1, 0, 1, 1, 1]",-18.999999999999996,-16.908081583956783,79
2,[-0.83683567  2.51434156  1.99136035  7.52886762],"[1, 1, 0, 1, 0, 0, 0, 1, 0, 0]",-20.000000000000004,-15.773916767981644,70
3,[-0.05498691  3.68530589  0.98996243  7.97814591],"[1, 0, 1, 1, 0, 1, 1, 0, 0, 0]",-19.0,-13.476213939857285,1000
4,[0.02606071 2.68083733 1.84872335 7.11001425],"[0, 0, 0, 1, 1, 0, 0, 1, 1, 1]",-20.000000000000004,-17.44064121757347,1000
5,[-0.23424851  3.34376329  2.78988263  7.18117387],"[0, 0, 1, 0, 0, 1, 1, 0, 1, 1]",-21.0,-18.257374453557546,988
6,[2.87904864e-03 2.85922665e+00 1.99687788e+00 7.10696276e+00],[],-20.0,-17.006598082683013,60
7,[0.13230793 2.55671569 2.27340145 6.68164572],"[1, 1, 1, 1, 0, 0, 1, 0, 0, 0]",-20.0,-16.691671659885355,1000
8,[-0.16233129  3.85542629  0.66219103  8.39387974],"[1, 1, 0, 1, 1, 0, 0, 0, 0, 1]",-17.0,-13.672002896349854,432
9,[0.24281592 2.56875536 2.60437435 6.47604337],"[0, 0, 0, 0, 1, 1, 1, 1, 0, 1]",-21.000000000000004,-16.78123688161311,1000
10,[1.25333002 3.44413781 2.70675663 7.0586616 ],[],-21.000000000000004,-16.441926571278497,112
11,[0.41082603 3.4192743  0.32313215 6.89689406],"[0, 0, 0, 0, 1, 1, 0, 1, 1, 1]",-22.000000000000004,-19.4247193370112,360
12,[0.42730515 3.41216975 0.32879762 6.93124363],"[0, 0, 1, 0, 1, 0, 0, 1, 1, 1]",-19.999999999999996,-16.9634564896267,95
13,[0.04501258 2.78604978 2.24207657 6.85122797],"[1, 1, 0, 0, 1, 1, 0, 1, 0, 1]",-21.0,-18.257731573943026,1000
14,[0.41189254 3.40760199 0.30798508 6.89453518],[],-21.0,-19.453675308055175,149
15,[0.40745358 3.39712565 0.29938941 6.89780496],"[1, 1, 0, 0, 1, 1, 0, 0, 1, 0]",-22.000000000000004,-19.43504747608783,115
16,[0.36489428 2.42775545 2.63898535 6.42622898],"[1, 1, 0, 0, 1, 0, 1, 0, 1, 0]",-20.000000000000004,-17.68135951466721,1000
17,[0.41319447 3.4139422  0.31611388 6.88919897],"[1, 1, 0, 0, 0, 1, 0, 0, 1, 1]",-22.000000000000004,-19.843665352660622,80
18,[0.02059096 2.61241891 2.15713093 7.69807131],"[1, 1, 1, 1, 0, 1, 0, 1, 0, 0]",-21.999999999999993,-17.44245332014958,1000
19,[0.35663819 3.34237389 0.27505472 6.97801374],"[0, 1, 0, 1, 0, 0, 0, 1, 1, 1]",-21.000000000000004,-19.50202531632313,225
20,[0.39402077 4.76066625 2.79473852 7.89476136],"[1, 0, 0, 1, 1, 0, 1, 0, 0, 0]",-21.0,-18.47724448335334,308
21,[0.3897839  3.3751679  0.29825293 6.94320252],"[0, 1, 0, 0, 1, 0, 1, 1, 1, 0]",-20.0,-18.307996823499103,76
22,[0.38816975 3.37672041 0.29634735 6.93904267],"[1, 0, 1, 0, 0, 1, 0, 1, 1, 0]",-21.0,-18.818036983819347,96
23,[-0.29987794  1.77819069  2.79296918  7.0107118 ],"[0, 1, 1, 0, 1, 1, 0, 1, 0, 0]",-19.000000000000004,-16.54548224469068,98
24,[-0.29016243  3.5348758   2.67342703  7.06571344],"[0, 0, 0, 0, 1, 1, 0, 1, 1, 1]",-23.0,-19.376793513797747,106
25,[0.07020848 3.64428381 1.17583257 7.74356641],"[0, 1, 1, 1, 0, 0, 1, 0, 0, 1]",-21.999999999999996,-19.33215385884019,513
26,[1.25618743 3.41178921 2.77923919 6.99110577],"[0, 1, 0, 1, 1, 0, 0, 1, 0, 1]",-22.999999999999996,-19.06880247752534,91
27,[0.38521967 3.36563779 0.29413165 6.95641206],"[0, 1, 0, 1, 1, 0, 1, 1, 0, 0]",-19.000000000000004,-17.7903220017441,117
28,[0.41359749 3.42401822 0.3177258  6.88203342],"[0, 0, 1, 1, 1, 0, 0, 0, 1, 1]",-22.000000000000004,-20.095285839312666,96
29,[-0.13993218  2.70129207  2.5997152   7.05659196],"[0, 1, 1, 0, 1, 0, 0, 1, 0, 0]",-21.0,-18.64405423345256,838
30,[-0.01009039  3.47063353  1.17221565  7.86547909],"[0, 0, 1, 0, 1, 1, 1, 0, 0, 0]",-20.999999999999996,-16.73904519004914,986
31,[0.47797222 2.30858229 2.68588415 6.41915472],[],-20.999999999999993,-18.09434033603975,1000
32,[0.39683062 2.35071236 2.60090799 6.54960518],"[0, 0, 0, 0, 0, 0, 1, 1, 1, 1]",-18.0,-15.083683053994372,907
33,[0.40754322 2.32594636 2.66916173 6.53042016],"[1, 0, 0, 1, 0, 0, 1, 1, 0, 1]",-19.0,-15.7768396593495,591
34,[0.39823071 3.39889833 0.31484164 6.92675912],"[0, 0, 1, 1, 1, 1, 0, 0, 0, 0]",-21.000000000000004,-18.503821774524656,134
35,[0.39142546 2.37413093 2.69078447 6.45311775],[],-19.0,-15.849139546531863,812
36,[0.07689895 3.51533413 2.34785775 7.38914977],"[1, 1, 0, 1, 0, 1, 1, 0, 0, 0]",-16.000000000000004,-14.380113713890795,462
37,[-0.0460324   2.65051798  1.53631044  7.33004285],"[1, 1, 0, 1, 1, 1, 0, 0, 0, 0]",-20.999999999999996,-17.002325631597216,422
38,[0.04561363 2.81910125 2.21011855 6.88925539],"[1, 1, 0, 0, 0, 0, 1, 1, 1, 0]",-17.0,-15.192576056134065,1000
39,[0.42140627 2.28971623 2.63634428 6.61116282],"[1, 0, 1, 1, 0, 0, 0, 1, 0, 0]",-19.000000000000004,-16.910686986906526,651
40,[-1.69983676e-03  2.04093725e+00  1.53288938e+00  7.47902901e+00],"[0, 0, 1, 1, 1, 0, 1, 0, 0, 0]",-20.000000000000004,-17.244166971027695,103
41,[0.40641341 2.3485533  2.68180137 6.51612279],[],-20.0,-17.905067472531673,1000
42,[0.38225815 3.36058375 0.28446333 6.94818215],"[0, 0, 1, 1, 0, 0, 1, 0, 1, 0]",-20.000000000000004,-18.13456802433917,150
43,[0.42688659 3.44038558 0.31815901 6.86107299],"[0, 0, 1, 1, 1, 1, 1, 0, 0, 0]",-23.000000000000004,-19.90382775464064,83
44,[0.38284139 3.36424431 0.28404132 6.94560808],"[1, 0, 1, 0, 0, 0, 0, 1, 1, 1]",-21.0,-18.58784102703669,123
45,[0.40611133 2.34756213 2.64835893 6.45095595],"[1, 0, 0, 0, 1, 1, 0, 0, 1, 1]",-19.0,-14.796687815343425,978
46,[0.4271255  3.42239946 0.32626375 6.90384115],"[0, 1, 0, 1, 0, 1, 1, 1, 0, 1]",-21.000000000000004,-18.091793558354045,92
47,[0.04433508 2.82583301 2.2135323  6.86181928],"[0, 0, 1, 1, 1, 0, 0, 1, 0, 0]",-21.999999999999996,-19.216259125837528,1000
48,[0.40643861 3.39611674 0.31881814 6.9393497 ],"[0, 0, 1, 1, 0, 1, 0, 1, 0, 1]",-20.0,-17.80566687381636,80
49,[0.42468837 3.20848639 2.75186342 7.97769248],"[1, 0, 0, 0, 1, 1, 0, 1, 0, 1]",-20.999999999999996,-17.498519973769824,147
50,[0.36097355 3.34651048 0.28109622 6.98086931],"[0, 0, 0, 1, 1, 1, 1, 1, 0, 0]",-20.0,-18.437140661015214,213
51,[0.40345339 3.38849434 0.31682107 6.96081221],"[1, 1, 0, 1, 0, 1, 0, 0, 1, 1]",-18.0,-16.787912272643123,92
52,[0.29650926 3.27836576 0.22894034 7.02634781],"[0, 1, 1, 0, 1, 0, 0, 1, 1, 0]",-23.000000000000004,-22.12014478663501,334
53,[0.42495362 2.33906609 2.58771675 6.49333251],"[1, 1, 1, 1, 0, 0, 0, 1, 0, 0]",-18.999999999999996,-15.865144214368966,570
54,[0.05329202 2.81325017 2.30404035 6.75932443],"[1, 1, 0, 0, 1, 0, 1, 0, 0, 0]",-20.999999999999993,-18.25147024016066,1000
55,[0.1178157  3.59040097 2.62265315 7.07590459],"[0, 0, 1, 1, 1, 0, 0, 1, 1, 0]",-21.000000000000004,-17.38163056571651,1000
56,[0.39257791 2.33594953 2.54284818 6.55877322],"[0, 1, 1, 0, 1, 1, 1, 0, 0, 0]",-19.000000000000004,-15.974253732438354,563
57,[1.27981331 3.40125335 2.79514806 6.9821881 ],"[1, 0, 0, 1, 0, 0, 0, 1, 0, 1]",-20.0,-18.40429763182766,125
58,[-0.11535179  3.76752164  0.64044534  8.468642  ],"[0, 1, 0, 0, 1, 0, 0, 1, 1, 1]",-21.0,-19.299618891826295,1000
59,[0.42743289 2.30137284 2.68878726 6.52337841],"[1, 0, 0, 0, 0, 1, 0, 1, 0, 1]",-20.0,-17.532114417826346,426
60,[0.42635565 3.43223597 0.31732131 6.86330528],"[1, 0, 1, 0, 0, 0, 1, 1, 0, 0]",-23.000000000000004,-20.14503678305965,161
61,[0.41695635 3.43003101 0.31057281 6.85508891],"[1, 0, 1, 1, 0, 1, 1, 0, 0, 0]",-24.000000000000004,-21.09728908960508,146
62,[0.4324561  3.45283212 0.31611003 6.8360937 ],"[1, 0, 0, 0, 1, 1, 0, 1, 0, 0]",-23.999999999999996,-20.532454955179738,121
63,[0.23335969 2.49122789 1.22738716 6.94343848],"[1, 0, 0, 0, 1, 0, 0, 1, 1, 0]",-20.0,-16.46710104908457,96
64,[0.38378814 3.36915885 0.29543838 6.95634825],"[0, 1, 0, 1, 1, 1, 1, 0, 0, 0]",-20.999999999999996,-18.648302943809743,124
65,[5.33799588e-04 2.63407070e+00 1.48821792e+00 7.48332371e+00],"[0, 0, 1, 1, 0, 0, 0, 1, 1, 0]",-22.000000000000004,-16.636576935039308,71
66,[-0.02045913  3.56143934  1.17927267  7.87313768],"[1, 1, 0, 0, 0, 1, 1, 0, 0, 1]",-21.000000000000004,-17.365994736122197,1000
67,[0.40779279 3.39654561 0.30181712 6.90528575],[],-20.999999999999996,-18.928717217483428,146
68,[0.1026467  2.68097726 2.34213451 6.72939676],"[0, 0, 1, 1, 1, 0, 0, 0, 1, 0]",-20.0,-18.14796651463095,1000
69,[0.08787948 3.5110987  2.31049821 7.4482672 ],"[0, 1, 1, 0, 1, 1, 0, 0, 0, 1]",-19.000000000000004,-16.245435399792527,185
70,[0.43138614 3.436984   0.33308032 6.88978064],"[0, 1, 1, 0, 0, 0, 0, 1, 1, 0]",-21.000000000000004,-18.71358955468535,65
71,[-0.29585977  3.50298598  2.60092277  7.17367482],"[0, 1, 0, 0, 1, 0, 0, 1, 1, 0]",-20.0,-17.076797417198932,120
72,[0.44338816 2.3282     2.64126216 6.45394859],"[0, 0, 0, 1, 1, 1, 0, 0, 1, 0]",-20.999999999999996,-17.979399509680473,709
73,[-0.11221413  2.72376213  2.18888261  7.60004472],"[0, 1, 0, 1, 1, 1, 0, 1, 0, 1]",-19.0,-15.373117901022738,467
74,[-0.40930932  3.44520031  2.61856393  7.25558431],"[0, 1, 0, 1, 0, 1, 0, 1, 1, 0]",-20.0,-16.10034044226431,103
75,[0.41078856 3.3979152  0.29800498 6.89753749],"[0, 0, 1, 0, 1, 0, 1, 0, 1, 1]",-21.000000000000004,-19.02081674616444,92
76,[-0.77827206  2.8073724   1.66888352  7.51123557],"[1, 0, 0, 1, 0, 1, 1, 1, 0, 0]",-21.0,-17.84910128176969,93
77,[0.32742215 3.30913887 0.24499328 6.99463884],"[0, 1, 1, 0, 1, 1, 1, 1, 0, 0]",-22.0,-20.284811908838826,241
78,[4.38735528e-03 2.79521490e+00 1.36915127e+00 7.63213598e+00],"[1, 1, 0, 1, 0, 1, 0, 0, 0, 1]",-18.000000000000004,-15.782977905734942,109
79,[-0.01367385  3.5078044   1.63877864  8.21394442],[],-18.000000000000004,-16.977422411596894,69
80,[0.25917932 2.57210039 1.30060532 7.03044712],"[0, 1, 1, 1, 0, 1, 0, 1, 1, 0]",-20.0,-17.31277234368904,64
81,[-0.0087356   3.57843151  2.08970435  7.71578859],"[1, 0, 0, 0, 1, 0, 0, 0, 1, 1]",-20.0,-17.64695289727336,1000
82,[0.38491782 4.01801679 2.72061735 6.78377851],"[1, 0, 1, 1, 1, 1, 0, 0, 0, 0]",-20.999999999999993,-17.602472153780518,223
83,[0.40839527 2.30769584 2.65290378 6.51423677],"[0, 1, 0, 0, 0, 1, 1, 1, 1, 0]",-20.0,-18.114049797482114,483
84,[-0.24080274  3.2744534   2.84089574  7.08725272],"[1, 1, 0, 0, 1, 0, 1, 0, 0, 1]",-19.0,-16.75699212007608,451
85,[0.07854279 2.60489198 2.27128479 6.71334836],"[0, 1, 1, 1, 0, 1, 1, 0, 0, 0]",-20.999999999999993,-18.20950517047077,990
86,[0.41829864 3.40038216 0.30951057 6.9138991 ],"[0, 0, 1, 1, 1, 1, 0, 0, 0, 1]",-20.000000000000004,-17.9772411552535,118
87,[0.16202248 2.73074464 1.06195013 7.10479678],"[0, 0, 0, 0, 1, 1, 1, 1, 1, 0]",-22.0,-18.026782812390113,243
88,[0.42691234 3.41506394 0.31107319 6.89299877],"[0, 1, 1, 0, 1, 0, 1, 1, 0, 0]",-21.000000000000004,-18.26844127586905,161
89,[0.41060614 3.39252685 0.2960316  6.88068579],"[1, 0, 1, 1, 1, 0, 0, 1, 0, 0]",-23.000000000000004,-20.633075067357566,171
90,[0.24812252 2.88335118 2.76277701 7.065233  ],"[0, 1, 0, 0, 0, 1, 1, 0, 0, 1]",-19.000000000000004,-15.594976418277978,141
91,[0.4373089  2.29053883 2.62297956 6.56204351],"[1, 0, 0, 0, 0, 1, 0, 1, 1, 1]",-15.999999999999996,-13.945216037196612,441
92,[0.37898978 3.37048252 0.31092558 6.98121942],"[0, 0, 1, 1, 1, 1, 1, 0, 0, 0]",-19.0,-17.668983499739184,97
93,[0.40570373 3.39595914 0.31368792 6.93428384],"[1, 0, 1, 0, 0, 1, 1, 1, 0, 0]",-20.0,-17.809393282554133,112
94,[1.24537514 5.04796118 2.70349901 7.07357427],"[0, 0, 1, 0, 1, 1, 0, 1, 0, 1]",-20.999999999999996,-18.742135478179286,118
95,[0.40113423 3.3917298  0.30974773 6.93542438],"[0, 1, 0, 0, 1, 1, 0, 1, 1, 1]",-20.000000000000004,-17.937644017769077,101
96,[1.26829311 3.38714831 2.785181   6.9980065 ],"[1, 0, 1, 0, 0, 1, 0, 0, 0, 0]",-17.000000000000004,-15.714390496558094,143
97,[0.24612976 2.92652244 2.82218084 7.08511473],"[1, 1, 0, 1, 1, 1, 0, 0, 0, 0]",-22.999999999999996,-20.093591350876213,218
98,[0.40777129 3.3996734  0.31176261 6.92016318],"[1, 1, 0, 1, 0, 1, 0, 0, 1, 0]",-20.000000000000004,-18.491704809624345,115
99,[-6.40642193e-03  2.80817858e+00  1.92827301e+00  7.86720769e+00],"[1, 0, 1, 1, 0, 0, 0, 1, 1, 1]",-22.000000000000004,-18.902290095109915,1000
