,opt_param,final_state,cost,mean_cost,n_iteration
0,[0.28773546 0.38475751],"[1, 1, 1, 0, 0, 0, 1, 0, 1, 0]",-18.999999999999996,-16.36627844810221,46
1,[0.29589796 0.39634688],"[0, 0, 0, 1, 0, 1, 0, 1, 1, 0]",-19.000000000000004,-15.914780061847877,46
2,[-0.27469019 -0.35663385],"[0, 1, 0, 0, 1, 1, 1, 0, 0, 1]",-20.0,-17.831724610271536,37
3,[-0.3143041  -0.42301405],"[0, 1, 0, 0, 1, 0, 0, 1, 1, 1]",-19.0,-15.005503026846483,37
4,[-0.26428282 -0.3372521 ],"[0, 1, 0, 1, 0, 1, 0, 1, 0, 1]",-22.0,-18.770138939211915,46
5,[0.26683532 0.34405786],"[1, 0, 0, 1, 1, 0, 1, 1, 0, 0]",-21.0,-18.280522520083423,41
6,[0.26884686 0.34174448],"[1, 1, 0, 1, 0, 1, 1, 0, 0, 0]",-22.000000000000007,-18.847068031208504,49
7,[-0.26693677 -0.34915572],"[1, 1, 1, 0, 0, 1, 0, 0, 0, 1]",-20.000000000000004,-17.716964077275335,47
8,[-0.29952874 -0.41285326],"[1, 0, 1, 0, 0, 0, 1, 1, 1, 0]",-17.999999999999996,-14.830516201842618,38
9,[0.27600916 0.35274599],"[0, 0, 0, 0, 1, 1, 1, 1, 1, 0]",-22.000000000000004,-18.39638039956937,43
10,[0.28422341 0.36797111],"[0, 0, 0, 1, 1, 1, 1, 0, 1, 1]",-20.999999999999993,-17.418344140094362,45
11,[0.26821038 0.34484982],"[0, 1, 0, 1, 1, 1, 0, 0, 1, 1]",-21.999999999999996,-18.278204060210538,47
12,[0.29133652 0.39453862],"[1, 1, 0, 1, 0, 1, 1, 0, 0, 0]",-19.999999999999996,-15.842641591350821,40
13,[-0.25818255 -0.32347726],"[1, 0, 0, 0, 1, 1, 0, 1, 0, 1]",-24.0,-19.78065640013961,42
14,[0.27190894 0.3484126 ],"[0, 0, 1, 1, 1, 0, 0, 1, 1, 0]",-22.000000000000004,-18.33906791431319,47
15,[0.27351016 0.35042669],"[1, 1, 0, 0, 1, 0, 0, 1, 1, 0]",-20.999999999999996,-18.36952173979561,50
16,[-0.27455626 -0.35662678],"[1, 0, 1, 0, 0, 0, 1, 1, 1, 0]",-20.0,-17.833469075428184,38
17,[-0.26391556 -0.33743556],"[0, 1, 0, 1, 0, 0, 0, 1, 1, 1]",-21.000000000000004,-18.771519694251694,40
18,[0.27204601 0.34852505],"[1, 0, 0, 0, 1, 0, 1, 0, 1, 1]",-22.000000000000004,-18.335403525032785,53
19,[-0.26125931 -0.3345166 ],"[0, 1, 0, 1, 0, 0, 1, 1, 1, 0]",-21.0,-18.744504645899195,52
20,[-0.25355865 -0.31899728],"[0, 0, 1, 1, 1, 0, 1, 0, 0, 1]",-23.0,-19.714120887234152,40
21,[-0.27980049 -0.3672068 ],"[0, 1, 0, 0, 1, 0, 1, 1, 1, 0]",-20.0,-17.360213871679722,42
22,[-0.27597093 -0.35723523],"[1, 0, 0, 0, 0, 1, 0, 1, 1, 0]",-20.000000000000004,-17.85813505799546,38
23,[-0.27333978 -0.3546549 ],"[0, 0, 1, 0, 0, 1, 1, 1, 0, 1]",-20.000000000000004,-17.79919175268589,42
24,[-0.2570934  -0.32297715],"[1, 1, 0, 1, 1, 0, 0, 0, 1, 0]",-22.0,-19.761517407333976,43
25,[-0.2535959  -0.31504056],"[0, 1, 1, 0, 1, 0, 1, 0, 0, 1]",-23.000000000000004,-20.255938187901933,38
26,[-0.2612986  -0.32643448],"[0, 0, 1, 1, 1, 1, 0, 0, 0, 0]",-22.000000000000004,-19.824873522529693,38
27,[-0.28525295 -0.37668262],"[1, 1, 0, 0, 1, 0, 0, 1, 1, 1]",-19.0,-16.893015010668044,39
28,[-0.26915008 -0.3417659 ],"[1, 0, 0, 1, 1, 0, 1, 0, 0, 0]",-22.0,-18.84664113925341,42
29,[-0.24365949 -0.30655779],"[1, 0, 1, 0, 1, 1, 0, 0, 1, 0]",-21.000000000000004,-19.566179915830837,47
30,[-0.27721035 -0.36154209],"[1, 0, 0, 0, 0, 0, 0, 1, 1, 1]",-19.0,-17.315943109106616,42
31,[0.2607346  0.33730579],"[0, 0, 1, 1, 1, 0, 1, 0, 1, 0]",-21.0,-18.176703152951703,49
32,[-0.29085242 -0.38595041],[],-20.000000000000004,-16.400065754495884,40
33,[0.29616774 0.38390899],"[1, 1, 0, 0, 1, 0, 1, 0, 1, 1]",-20.000000000000004,-17.034029360993365,44
34,[-0.28208348 -0.36791706],"[1, 0, 1, 1, 1, 1, 0, 0, 0, 0]",-20.000000000000004,-17.38495604236794,40
35,[-0.29045932 -0.37549366],"[1, 0, 0, 0, 1, 0, 1, 1, 0, 1]",-19.000000000000004,-17.497549790633617,40
36,[-0.30123795 -0.40329283],"[0, 0, 1, 0, 1, 1, 0, 0, 1, 1]",-17.999999999999996,-15.971048646578625,42
37,[0.26197744 0.33920934],"[0, 1, 1, 1, 0, 0, 1, 0, 1, 0]",-20.000000000000004,-18.2024054920331,48
38,[-0.28807863 -0.37744467],"[1, 1, 1, 0, 0, 1, 0, 0, 0, 1]",-19.999999999999996,-16.88674262097147,41
39,[0.26360985 0.34107162],"[1, 1, 1, 1, 0, 0, 0, 0, 1, 0]",-20.000000000000004,-18.23005796427709,46
40,[0.26694198 0.34318796],"[0, 0, 1, 1, 1, 0, 1, 1, 0, 0]",-20.0,-18.27736791918891,49
41,[-0.26002717 -0.33319624],"[0, 0, 1, 1, 1, 1, 0, 1, 0, 0]",-21.000000000000007,-18.7189130997868,45
42,[-0.2753963  -0.36198209],"[0, 0, 1, 1, 0, 1, 1, 0, 1, 0]",-19.999999999999996,-17.29517496334652,38
43,[0.27839467 0.35510435],"[0, 0, 1, 1, 1, 1, 1, 0, 0, 0]",-23.000000000000004,-18.4281781876174,39
44,[-0.26852287 -0.34985443],"[1, 0, 1, 0, 0, 0, 0, 1, 1, 1]",-20.999999999999996,-17.743287012593505,44
45,[-0.29206363 -0.38553369],"[0, 1, 0, 0, 1, 0, 1, 0, 1, 1]",-19.0,-16.390439870633397,40
46,[-0.28475994 -0.37542671],"[0, 1, 0, 1, 0, 0, 1, 1, 0, 1]",-21.0,-16.856667583371404,41
47,[-0.25649103 -0.321969  ],"[0, 1, 1, 1, 0, 1, 1, 1, 0, 0]",-21.000000000000004,-19.75704352397717,35
48,[0.27913828 0.37028163],"[1, 0, 0, 1, 1, 0, 0, 1, 0, 1]",-18.999999999999996,-16.789700379254235,51
49,[-0.26848249 -0.34109709],"[1, 0, 0, 0, 0, 1, 1, 1, 0, 0]",-21.000000000000004,-18.847033718172533,42
50,[-0.26411924 -0.34421358],"[0, 0, 1, 0, 0, 1, 1, 1, 0, 0]",-20.000000000000004,-17.683103214102758,45
51,[-0.28788041 -0.39094736],"[0, 0, 1, 0, 1, 0, 1, 1, 0, 0]",-18.0,-15.80363821309695,36
52,[-0.2372501  -0.28850014],"[1, 0, 1, 0, 0, 1, 1, 0, 1, 0]",-23.0,-21.627427789428644,46
53,[-1.26883592  0.40112041],"[0, 1, 1, 1, 1, 0, 0, 1, 0, 0]",-19.0,-15.995506420395534,46
54,[-0.26571797 -0.33928713],"[1, 1, 0, 1, 1, 0, 1, 0, 0, 0]",-21.0,-18.80060222161542,42
55,[-0.26780561 -0.34131375],"[0, 0, 1, 0, 1, 1, 0, 1, 1, 0]",-23.000000000000004,-18.829225818537555,39
56,[-0.28404553 -0.36818486],"[0, 1, 1, 0, 1, 1, 0, 1, 1, 0]",-20.0,-17.4165092357008,39
57,[-0.25757228 -0.32562466],"[0, 0, 0, 1, 0, 0, 1, 0, 1, 1]",-22.999999999999993,-19.212364133859513,41
58,[0.25245495 0.31400395],"[1, 1, 1, 0, 1, 0, 0, 1, 0, 0]",-22.999999999999996,-20.237328337225872,54
59,[-0.26876007 -0.34204804],"[0, 1, 1, 1, 0, 0, 1, 0, 1, 0]",-21.0,-18.84859233818676,42
60,[-0.26918468 -0.34164896],"[1, 0, 1, 0, 0, 0, 1, 1, 0, 1]",-23.000000000000007,-18.848289045378603,41
61,[-0.26173531 -0.32677285],"[0, 1, 0, 0, 1, 0, 0, 1, 1, 1]",-24.000000000000004,-19.827333115550054,44
62,[0.2752634  0.34696362],"[0, 0, 1, 1, 0, 0, 1, 0, 1, 1]",-23.0,-18.930952153136996,46
63,[0.26997815 0.34673548],"[1, 0, 0, 0, 0, 1, 0, 1, 1, 1]",-20.999999999999996,-18.30968887983729,43
64,[-0.27022923 -0.35194128],"[1, 0, 1, 0, 0, 0, 0, 1, 1, 1]",-21.0,-17.772632296761998,39
65,[-0.28204163 -0.3628626 ],"[1, 1, 0, 0, 1, 1, 1, 0, 0, 1]",-22.0,-17.926415577478405,43
66,[-0.26064835 -0.33304897],"[0, 0, 1, 0, 1, 1, 1, 0, 0, 1]",-21.000000000000007,-18.71919848501596,38
67,[-0.27682449 -0.35823767],"[1, 0, 1, 1, 1, 0, 0, 0, 0, 1]",-20.999999999999996,-17.863832561583862,35
68,[-0.26027615 -0.32955246],"[0, 0, 1, 0, 0, 1, 0, 1, 1, 1]",-21.999999999999996,-19.26702494925279,42
69,[-0.26948621 -0.34940965],"[0, 1, 0, 1, 1, 0, 1, 1, 0, 1]",-21.0,-17.764692625044713,38
70,[0.28068802 0.36625571],"[0, 1, 0, 0, 1, 0, 0, 1, 1, 1]",-20.000000000000004,-17.360184976517555,46
71,[-0.27708054 -0.35784974],"[1, 1, 0, 0, 1, 0, 0, 1, 0, 0]",-22.0,-17.85813530242606,37
72,[-0.27681022 -0.3585046 ],"[1, 1, 0, 0, 0, 0, 1, 1, 0, 0]",-21.0,-17.86255847096737,41
73,[-0.28794012 -0.37641435],"[1, 1, 0, 0, 1, 1, 0, 0, 0, 1]",-19.000000000000004,-16.919362646937962,39
74,[0.2853157  0.37710655],[],-20.0,-16.861323860464633,41
75,[-0.28063151 -0.36119251],"[1, 1, 1, 0, 1, 1, 0, 0, 0, 0]",-21.000000000000004,-17.92299798117062,41
76,[0.2611599  0.32987963],"[0, 1, 1, 1, 0, 0, 0, 1, 0, 1]",-22.0,-19.281375346380166,54
77,[-0.25057695 -0.31590104],"[1, 1, 0, 0, 1, 1, 0, 0, 0, 1]",-21.000000000000004,-19.670151692025975,43
78,[0.28499337 0.38221266],[],-18.000000000000004,-16.331628373902987,52
79,[-0.27364413 -0.36172114],"[0, 1, 0, 0, 0, 1, 0, 1, 1, 1]",-20.000000000000004,-17.26972305286527,39
80,[-0.26717946 -0.34025287],"[1, 1, 0, 0, 1, 1, 1, 0, 0, 0]",-21.999999999999996,-18.823651200223082,41
81,[-0.26973305 -0.34215784],"[0, 1, 1, 1, 0, 0, 0, 1, 0, 1]",-21.999999999999996,-18.851635679929732,41
82,[0.27213356 0.34904189],"[0, 1, 0, 0, 0, 0, 1, 1, 1, 1]",-21.000000000000004,-18.340098559239923,42
83,[0.26453195 0.332757  ],"[0, 0, 1, 1, 0, 1, 1, 1, 0, 0]",-22.0,-19.331528296531346,54
84,[0.26626109 0.34286111],"[1, 1, 0, 0, 0, 1, 0, 1, 0, 1]",-22.000000000000004,-18.258014052232955,43
85,[0.26643688 0.33500785],"[0, 1, 0, 0, 1, 0, 0, 1, 1, 0]",-23.0,-19.357537329782147,49
86,[-0.28672835 -0.37795197],"[0, 0, 1, 1, 1, 1, 0, 0, 0, 1]",-19.999999999999996,-16.89846525471391,41
87,[-0.24942924 -0.31395912],"[1, 1, 1, 1, 0, 0, 0, 0, 0, 1]",-21.999999999999996,-19.64893024792998,44
88,[-0.29452921 -0.38524413],"[1, 0, 0, 1, 0, 1, 1, 0, 1, 0]",-20.000000000000007,-17.008910434691742,39
89,[-0.2566061  -0.32250954],"[0, 1, 0, 0, 0, 1, 1, 0, 1, 1]",-23.0,-19.759688077755733,45
90,[-0.29142995 -0.38129583],"[1, 0, 0, 1, 1, 0, 0, 1, 1, 1]",-19.000000000000004,-16.962698311093064,38
91,[-0.2927559  -0.40078667],"[0, 1, 0, 1, 0, 1, 0, 1, 1, 0]",-18.000000000000004,-15.31418119191011,41
92,[-0.27777379 -0.36729607],"[0, 1, 1, 1, 1, 1, 0, 0, 0, 1]",-18.000000000000004,-16.77984110156368,38
93,[-0.27960043 -0.37134014],"[0, 0, 1, 0, 1, 0, 0, 0, 1, 1]",-18.000000000000004,-16.78940609149412,43
94,[0.26024762 0.32937811],"[1, 1, 0, 0, 0, 1, 1, 1, 0, 1]",-21.000000000000004,-19.260736854385378,59
95,[-0.28544058 -0.37385706],"[0, 0, 1, 1, 0, 0, 1, 1, 0, 0]",-19.999999999999996,-16.879428445339,40
96,[0.28045701 0.37292154],"[1, 0, 0, 1, 0, 1, 0, 1, 1, 0]",-19.0,-16.79511746811164,48
97,[-0.25941684 -0.32431345],"[0, 0, 1, 0, 0, 0, 1, 1, 1, 1]",-22.999999999999996,-19.799035382137205,47
98,[-0.28217036 -0.36788107],"[1, 1, 1, 1, 0, 0, 1, 0, 0, 0]",-21.0,-17.39166238880338,40
99,[0.26201602 0.3311403 ],"[0, 1, 0, 0, 1, 1, 1, 1, 0, 0]",-22.0,-19.2887094243562,53
