,0,1
0,"[0, 2, 3, 1]",20.0
1,"[0, 3, 2, 1]",26.0
2,"[0, 2, 3, 1]",20.0
3,"[0, 2, 3, 1]",23.0
4,"[0, 3, 1, 2]",13.0
5,"[0, 3, 2, 1]",18.0
6,"[0, 3, 2, 1]",18.0
7,"[0, 2, 3, 1]",20.0
8,"[0, 2, 3, 1]",21.0
9,"[0, 3, 2, 1]",19.0
10,"[0, 3, 2, 1]",23.0
11,"[0, 3, 1, 2]",20.0
12,"[0, 3, 1, 2]",14.0
13,"[0, 3, 2, 1]",18.0
14,"[0, 3, 1, 2]",17.0
15,"[0, 3, 2, 1]",18.0
16,"[0, 3, 2, 1]",18.0
17,"[0, 3, 1, 2]",11.0
18,"[0, 3, 2, 1]",20.0
19,"[0, 2, 3, 1]",15.0
20,"[0, 2, 3, 1]",20.0
21,"[0, 3, 1, 2]",22.0
22,"[0, 3, 2, 1]",21.0
23,"[0, 3, 2, 1]",8.0
24,"[0, 3, 1, 2]",19.0
25,"[0, 2, 3, 1]",19.0
26,"[0, 3, 1, 2]",15.0
27,"[0, 2, 3, 1]",20.0
28,"[0, 3, 1, 2]",22.0
29,"[0, 2, 3, 1]",13.0
30,"[0, 2, 3, 1]",20.0
31,"[0, 3, 1, 2]",11.0
32,"[0, 2, 3, 1]",10.0
33,"[0, 2, 3, 1]",22.0
34,"[0, 3, 1, 2]",19.0
35,"[0, 2, 3, 1]",17.0
36,"[0, 3, 2, 1]",14.0
37,"[0, 2, 3, 1]",15.0
38,"[0, 3, 1, 2]",26.0
39,"[0, 2, 3, 1]",14.0
40,"[0, 2, 3, 1]",17.0
41,"[0, 3, 2, 1]",9.0
42,"[0, 3, 2, 1]",24.0
43,"[0, 3, 2, 1]",14.0
44,"[0, 3, 1, 2]",19.0
45,"[0, 3, 2, 1]",20.0
46,"[0, 2, 3, 1]",18.0
47,"[0, 3, 1, 2]",25.0
48,"[0, 3, 1, 2]",17.0
49,"[0, 3, 1, 2]",16.0
50,"[0, 2, 3, 1]",10.0
51,"[0, 3, 2, 1]",15.0
52,"[0, 2, 3, 1]",18.0
53,"[0, 3, 2, 1]",11.0
54,"[0, 2, 3, 1]",12.0
55,"[0, 3, 2, 1]",10.0
56,"[0, 3, 1, 2]",19.0
57,"[0, 3, 2, 1]",17.0
58,"[0, 3, 1, 2]",9.0
59,"[0, 3, 2, 1]",15.0
60,"[0, 3, 2, 1]",19.0
61,"[0, 2, 3, 1]",17.0
62,"[0, 2, 3, 1]",11.0
63,"[0, 3, 2, 1]",9.0
64,"[0, 2, 3, 1]",19.0
65,"[0, 3, 2, 1]",19.0
66,"[0, 2, 3, 1]",8.0
67,"[0, 3, 1, 2]",12.0
68,"[0, 3, 2, 1]",18.0
69,"[0, 2, 3, 1]",17.0
70,"[0, 2, 3, 1]",27.0
71,"[0, 3, 1, 2]",10.0
72,"[0, 3, 2, 1]",17.0
73,"[0, 2, 3, 1]",25.0
74,"[0, 2, 3, 1]",12.0
75,"[0, 2, 3, 1]",12.0
76,"[0, 3, 1, 2]",18.0
77,"[0, 3, 2, 1]",20.0
78,"[0, 2, 3, 1]",18.0
79,"[0, 2, 3, 1]",13.0
80,"[0, 2, 3, 1]",19.0
81,"[0, 2, 3, 1]",16.0
82,"[0, 3, 1, 2]",16.0
83,"[0, 3, 1, 2]",20.0
84,"[0, 3, 2, 1]",21.0
85,"[0, 3, 1, 2]",18.0
86,"[0, 2, 3, 1]",16.0
87,"[0, 2, 3, 1]",9.0
88,"[0, 3, 1, 2]",21.0
89,"[0, 3, 1, 2]",21.0
90,"[0, 2, 3, 1]",20.0
91,"[0, 2, 3, 1]",15.0
92,"[0, 2, 3, 1]",25.0
93,"[0, 3, 2, 1]",14.0
94,"[0, 3, 1, 2]",13.0
95,"[0, 2, 3, 1]",16.0
96,"[0, 3, 2, 1]",14.0
97,"[0, 3, 2, 1]",17.0
98,"[0, 2, 3, 1]",18.0
99,"[0, 2, 3, 1]",21.0
