,0,1
0,"[0, 5, 3, 4, 1, 2]",12.0
1,"[0, 2, 3, 5, 4, 1]",20.0
2,"[0, 5, 2, 3, 4, 1]",13.0
3,"[0, 5, 2, 4, 3, 1]",24.0
4,"[0, 5, 3, 2, 1, 4]",15.0
5,"[0, 2, 5, 3, 4, 1]",28.0
6,"[0, 5, 3, 4, 2, 1]",22.0
7,"[0, 2, 3, 5, 4, 1]",27.0
8,"[0, 5, 3, 2, 4, 1]",24.0
9,"[0, 5, 1, 2, 3, 4]",21.0
10,"[0, 3, 5, 2, 4, 1]",24.0
11,"[0, 5, 1, 3, 4, 2]",23.0
12,"[0, 4, 5, 3, 2, 1]",28.0
13,"[0, 5, 4, 3, 2, 1]",16.0
14,"[0, 5, 2, 1, 3, 4]",19.0
15,"[0, 5, 2, 1, 3, 4]",23.0
16,"[0, 3, 4, 5, 2, 1]",20.0
17,"[0, 4, 3, 2, 5, 1]",19.0
18,"[0, 5, 3, 2, 1, 4]",21.0
19,"[0, 3, 2, 5, 4, 1]",23.0
20,"[0, 3, 4, 5, 2, 1]",26.0
21,"[0, 4, 5, 3, 1, 2]",18.0
22,"[0, 3, 2, 5, 4, 1]",24.0
23,"[0, 3, 4, 5, 1, 2]",21.0
24,"[0, 5, 2, 1, 3, 4]",16.0
25,"[0, 4, 3, 5, 2, 1]",14.0
26,"[0, 4, 1, 5, 2, 3]",22.0
27,"[0, 4, 2, 5, 3, 1]",19.0
28,"[0, 3, 4, 5, 1, 2]",20.0
29,"[0, 4, 5, 3, 2, 1]",20.0
30,"[0, 4, 5, 3, 2, 1]",25.0
31,"[0, 5, 2, 1, 4, 3]",22.0
32,"[0, 3, 5, 4, 1, 2]",22.0
33,"[0, 5, 3, 4, 1, 2]",22.0
34,"[0, 2, 4, 5, 3, 1]",22.0
35,"[0, 3, 4, 5, 1, 2]",23.0
36,"[0, 5, 2, 4, 3, 1]",27.0
37,"[0, 2, 4, 3, 5, 1]",30.0
38,"[0, 4, 5, 2, 3, 1]",23.0
39,"[0, 4, 3, 5, 1, 2]",17.0
40,"[0, 4, 2, 5, 3, 1]",22.0
41,"[0, 4, 1, 3, 5, 2]",19.0
42,"[0, 4, 2, 3, 5, 1]",22.0
43,"[0, 3, 2, 5, 4, 1]",24.0
44,"[0, 4, 5, 1, 2, 3]",17.0
45,"[0, 3, 5, 1, 4, 2]",19.0
46,"[0, 4, 2, 5, 3, 1]",27.0
47,"[0, 4, 5, 3, 2, 1]",17.0
48,"[0, 4, 2, 1, 5, 3]",24.0
49,"[0, 4, 3, 5, 2, 1]",15.0
50,"[0, 4, 5, 1, 3, 2]",21.0
51,"[0, 4, 3, 5, 2, 1]",15.0
52,"[0, 5, 1, 3, 2, 4]",22.0
53,"[0, 5, 2, 4, 1, 3]",22.0
54,"[0, 2, 4, 5, 3, 1]",23.0
55,"[0, 3, 5, 4, 1, 2]",24.0
56,"[0, 5, 4, 3, 2, 1]",20.0
57,"[0, 5, 1, 4, 3, 2]",24.0
58,"[0, 5, 4, 3, 2, 1]",21.0
59,"[0, 2, 4, 3, 5, 1]",20.0
60,"[0, 4, 2, 5, 3, 1]",17.0
61,"[0, 5, 4, 3, 1, 2]",25.0
62,"[0, 5, 2, 3, 1, 4]",18.0
63,"[0, 4, 5, 3, 2, 1]",17.0
64,"[0, 4, 5, 1, 2, 3]",24.0
65,"[0, 4, 1, 2, 5, 3]",24.0
66,"[0, 5, 4, 1, 2, 3]",19.0
67,"[0, 4, 5, 3, 2, 1]",19.0
68,"[0, 5, 1, 4, 2, 3]",23.0
69,"[0, 4, 5, 2, 3, 1]",20.0
70,"[0, 5, 4, 3, 1, 2]",18.0
71,"[0, 4, 3, 5, 1, 2]",24.0
72,"[0, 5, 2, 1, 4, 3]",27.0
73,"[0, 5, 4, 3, 2, 1]",22.0
74,"[0, 3, 2, 5, 4, 1]",18.0
75,"[0, 5, 1, 2, 3, 4]",19.0
76,"[0, 3, 1, 4, 5, 2]",19.0
77,"[0, 2, 5, 4, 3, 1]",19.0
78,"[0, 2, 4, 5, 3, 1]",24.0
79,"[0, 4, 1, 3, 5, 2]",20.0
80,"[0, 2, 5, 4, 3, 1]",21.0
81,"[0, 4, 1, 2, 5, 3]",21.0
82,"[0, 2, 3, 4, 5, 1]",25.0
83,"[0, 4, 3, 5, 2, 1]",25.0
84,"[0, 5, 3, 4, 1, 2]",15.0
85,"[0, 4, 2, 1, 5, 3]",21.0
86,"[0, 4, 3, 1, 5, 2]",23.0
87,"[0, 5, 2, 1, 3, 4]",21.0
88,"[0, 3, 4, 5, 1, 2]",23.0
89,"[0, 3, 4, 1, 5, 2]",17.0
90,"[0, 5, 4, 2, 3, 1]",23.0
91,"[0, 5, 3, 1, 2, 4]",25.0
92,"[0, 5, 3, 1, 4, 2]",24.0
93,"[0, 4, 3, 2, 5, 1]",17.0
94,"[0, 5, 4, 3, 2, 1]",13.0
95,"[0, 5, 4, 2, 3, 1]",14.0
96,"[0, 3, 1, 5, 4, 2]",19.0
97,"[0, 5, 3, 1, 4, 2]",26.0
98,"[0, 5, 4, 1, 3, 2]",26.0
99,"[0, 5, 4, 3, 2, 1]",21.0
