,0,1
0,"[0, 5, 4, 6, 3, 1, 2]",16.0
1,"[0, 6, 4, 2, 5, 1, 3]",28.0
2,"[0, 2, 3, 4, 6, 5, 1]",20.0
3,"[0, 2, 3, 6, 5, 4, 1]",23.0
4,"[0, 4, 5, 6, 1, 2, 3]",22.0
5,"[0, 5, 6, 4, 2, 3, 1]",21.0
6,"[0, 4, 5, 6, 1, 2, 3]",24.0
7,"[0, 5, 3, 4, 2, 6, 1]",20.0
8,"[0, 5, 3, 4, 2, 6, 1]",18.0
9,"[0, 5, 6, 1, 3, 2, 4]",23.0
10,"[0, 5, 3, 4, 1, 6, 2]",14.0
11,"[0, 2, 5, 6, 4, 3, 1]",25.0
12,"[0, 3, 2, 4, 5, 6, 1]",11.0
13,"[0, 6, 3, 2, 5, 4, 1]",16.0
14,"[0, 2, 4, 3, 6, 5, 1]",19.0
15,"[0, 5, 6, 3, 4, 1, 2]",13.0
16,"[0, 6, 5, 2, 1, 3, 4]",23.0
17,"[0, 6, 5, 2, 3, 4, 1]",19.0
18,"[0, 5, 4, 1, 6, 2, 3]",17.0
19,"[0, 6, 5, 3, 1, 2, 4]",24.0
20,"[0, 3, 5, 4, 2, 6, 1]",21.0
21,"[0, 4, 3, 2, 6, 5, 1]",20.0
22,"[0, 6, 2, 4, 5, 3, 1]",23.0
23,"[0, 3, 2, 4, 6, 5, 1]",17.0
24,"[0, 3, 4, 6, 1, 5, 2]",22.0
25,"[0, 6, 3, 1, 5, 4, 2]",17.0
26,"[0, 5, 6, 4, 3, 2, 1]",29.0
27,"[0, 5, 1, 2, 6, 3, 4]",17.0
28,"[0, 3, 4, 6, 5, 2, 1]",16.0
29,"[0, 5, 1, 2, 6, 4, 3]",25.0
30,"[0, 3, 6, 5, 4, 1, 2]",20.0
31,"[0, 5, 6, 2, 1, 4, 3]",27.0
32,"[0, 2, 6, 5, 3, 4, 1]",20.0
33,"[0, 6, 3, 4, 1, 5, 2]",30.0
34,"[0, 5, 6, 1, 4, 2, 3]",18.0
35,"[0, 4, 5, 6, 3, 1, 2]",17.0
36,"[0, 5, 6, 4, 3, 1, 2]",23.0
37,"[0, 5, 2, 4, 6, 3, 1]",29.0
38,"[0, 3, 6, 4, 1, 5, 2]",24.0
39,"[0, 4, 2, 6, 3, 5, 1]",21.0
40,"[0, 2, 4, 5, 3, 6, 1]",24.0
41,"[0, 6, 5, 3, 2, 4, 1]",24.0
42,"[0, 5, 6, 2, 4, 1, 3]",26.0
43,"[0, 6, 2, 5, 3, 1, 4]",20.0
44,"[0, 2, 4, 6, 5, 3, 1]",27.0
45,"[0, 4, 2, 5, 6, 3, 1]",22.0
46,"[0, 5, 6, 2, 3, 4, 1]",24.0
47,"[0, 5, 1, 3, 6, 2, 4]",22.0
48,"[0, 5, 6, 2, 4, 1, 3]",21.0
49,"[0, 2, 3, 5, 6, 4, 1]",28.0
50,"[0, 5, 6, 4, 3, 2, 1]",22.0
51,"[0, 5, 6, 4, 1, 3, 2]",22.0
52,"[0, 5, 4, 3, 1, 6, 2]",25.0
53,"[0, 3, 5, 4, 2, 6, 1]",20.0
54,"[0, 4, 6, 5, 2, 3, 1]",28.0
55,"[0, 4, 6, 5, 3, 2, 1]",20.0
56,"[0, 5, 6, 3, 4, 2, 1]",21.0
57,"[0, 6, 5, 1, 2, 3, 4]",22.0
58,"[0, 6, 5, 2, 4, 1, 3]",26.0
59,"[0, 4, 1, 5, 6, 3, 2]",17.0
60,"[0, 5, 2, 3, 6, 4, 1]",19.0
61,"[0, 5, 3, 6, 4, 2, 1]",13.0
62,"[0, 5, 2, 1, 6, 3, 4]",23.0
63,"[0, 5, 6, 1, 2, 3, 4]",23.0
64,"[0, 6, 4, 3, 5, 2, 1]",23.0
65,"[0, 5, 6, 3, 4, 1, 2]",15.0
66,"[0, 5, 4, 3, 6, 2, 1]",25.0
67,"[0, 6, 4, 2, 3, 5, 1]",20.0
68,"[0, 4, 6, 5, 3, 1, 2]",16.0
69,"[0, 4, 5, 6, 1, 2, 3]",21.0
70,"[0, 5, 6, 4, 3, 2, 1]",16.0
71,"[0, 6, 2, 4, 5, 3, 1]",14.0
72,"[0, 5, 3, 4, 2, 6, 1]",28.0
73,"[0, 5, 2, 4, 1, 6, 3]",28.0
74,"[0, 6, 3, 5, 2, 4, 1]",24.0
75,"[0, 6, 2, 4, 5, 3, 1]",12.0
76,"[0, 5, 6, 1, 3, 2, 4]",23.0
77,"[0, 6, 2, 3, 1, 4, 5]",19.0
78,"[0, 4, 1, 6, 5, 3, 2]",22.0
79,"[0, 6, 3, 2, 4, 5, 1]",16.0
80,"[0, 5, 4, 2, 6, 3, 1]",18.0
81,"[0, 4, 6, 2, 5, 1, 3]",25.0
82,"[0, 5, 6, 1, 4, 2, 3]",23.0
83,"[0, 4, 1, 2, 6, 5, 3]",25.0
84,"[0, 3, 4, 2, 6, 5, 1]",25.0
85,"[0, 6, 4, 5, 1, 3, 2]",27.0
86,"[0, 6, 1, 4, 5, 2, 3]",22.0
87,"[0, 5, 6, 1, 2, 3, 4]",21.0
88,"[0, 6, 4, 1, 3, 2, 5]",21.0
89,"[0, 5, 4, 2, 6, 1, 3]",19.0
90,"[0, 4, 6, 1, 5, 2, 3]",19.0
91,"[0, 6, 3, 4, 2, 5, 1]",21.0
92,"[0, 6, 5, 4, 3, 2, 1]",24.0
93,"[0, 6, 3, 2, 1, 4, 5]",26.0
94,"[0, 2, 3, 4, 6, 5, 1]",15.0
95,"[0, 3, 6, 1, 5, 4, 2]",15.0
96,"[0, 6, 1, 4, 2, 5, 3]",20.0
97,"[0, 6, 1, 2, 5, 4, 3]",24.0
98,"[0, 5, 1, 4, 2, 6, 3]",22.0
99,"[0, 3, 2, 5, 4, 6, 1]",20.0
