,0,1
0,[ 1. -1.  1.  1. -1.  1.  1.],10.0
1,[ 1.  1. -1.  1. -1.  1.  1.],8.0
2,[-1. -1. -1.  1. -1. -1.  1.],9.0
3,[ 1.  1. -1. -1.  1.  1. -1.],10.0
4,[ 1.  1. -1.  1. -1. -1.  1.],10.0
5,[-1. -1.  1.  1.  1. -1. -1.],9.0
6,[-1.  1.  1. -1. -1. -1.  1.],9.0
7,[ 1. -1. -1.  1. -1. -1.  1.],11.0
8,[ 1.  1. -1.  1. -1. -1. -1.],10.0
9,[ 1. -1.  1.  1. -1. -1. -1.],12.0
10,[-1. -1.  1.  1.  1. -1.  1.],8.0
11,[ 1. -1.  1. -1. -1. -1.  1.],10.0
12,[ 1. -1.  1. -1.  1.  1.  1.],8.0
13,[ 1. -1.  1. -1. -1.  1.  1.],11.0
14,[ 1. -1. -1.  1.  1. -1. -1.],10.0
15,[-1. -1.  1. -1.  1.  1. -1.],12.0
16,[-1. -1.  1.  1. -1. -1. -1.],8.0
17,[ 1.  1. -1. -1. -1. -1. -1.],8.0
18,[-1. -1.  1. -1. -1. -1.  1.],9.0
19,[-1.  1. -1.  1.  1. -1. -1.],10.0
20,[ 1.  1. -1.  1. -1. -1.  1.],12.0
21,[ 1.  1. -1.  1. -1. -1.  1.],10.0
22,[-1. -1.  1.  1.  1. -1. -1.],8.0
23,[ 1.  1. -1.  1. -1. -1. -1.],10.0
24,[ 1.  1. -1. -1.  1. -1.  1.],12.0
25,[ 1. -1. -1. -1.  1. -1. -1.],7.0
26,[ 1. -1.  1.  1. -1. -1. -1.],11.0
27,[-1. -1.  1.  1. -1.  1. -1.],8.0
28,[ 1. -1.  1.  1. -1. -1. -1.],10.0
29,[ 1. -1.  1. -1.  1.  1. -1.],11.0
30,[-1. -1.  1.  1.  1.  1. -1.],11.0
31,[ 1. -1.  1.  1.  1.  1. -1.],10.0
32,[ 1. -1.  1.  1. -1. -1.  1.],10.0
33,[ 1.  1. -1.  1. -1. -1.  1.],9.0
34,[ 1. -1. -1. -1.  1.  1. -1.],12.0
35,[-1. -1. -1.  1.  1. -1.  1.],10.0
36,[ 1.  1.  1. -1. -1.  1. -1.],10.0
37,[ 1. -1.  1.  1.  1. -1.  1.],7.0
38,[-1. -1. -1.  1.  1.  1. -1.],11.0
39,[ 1.  1. -1.  1. -1.  1. -1.],9.0
40,[-1.  1. -1. -1.  1. -1.  1.],9.0
41,[-1. -1.  1.  1. -1.  1. -1.],12.0
42,[ 1. -1.  1. -1.  1. -1.  1.],11.0
43,[ 1. -1.  1. -1.  1. -1. -1.],11.0
44,[ 1. -1.  1. -1.  1.  1.  1.],10.0
45,[ 1.  1.  1. -1.  1. -1.  1.],9.0
46,[-1.  1.  1.  1. -1. -1.  1.],8.0
47,[ 1. -1. -1. -1.  1.  1. -1.],10.0
48,[ 1. -1. -1.  1. -1.  1.  1.],10.0
49,[ 1.  1.  1.  1. -1. -1. -1.],8.0
50,[-1. -1.  1.  1.  1. -1.  1.],10.0
51,[ 1. -1. -1. -1.  1.  1. -1.],11.0
52,[-1. -1. -1. -1.  1.  1.  1.],12.0
53,[ 1.  1. -1.  1.  1. -1. -1.],9.0
54,[ 1. -1.  1.  1.  1. -1. -1.],11.0
55,[-1. -1.  1.  1.  1.  1. -1.],12.0
56,[ 1.  1.  1. -1.  1. -1.  1.],8.0
57,[ 1. -1. -1.  1.  1.  1. -1.],12.0
58,[-1. -1.  1. -1. -1.  1.  1.],10.0
59,[-1. -1.  1. -1. -1.  1.  1.],9.0
60,[-1. -1. -1.  1.  1. -1. -1.],9.0
61,[-1.  1.  1. -1. -1.  1. -1.],10.0
62,[ 1. -1. -1. -1.  1.  1.  1.],10.0
63,[-1.  1.  1. -1.  1. -1.  1.],10.0
64,[-1.  1.  1. -1.  1. -1. -1.],11.0
65,[ 1. -1. -1. -1.  1. -1.  1.],10.0
66,[-1. -1.  1. -1.  1.  1. -1.],10.0
67,[-1. -1.  1.  1.  1. -1.  1.],12.0
68,[-1. -1.  1.  1. -1.  1.  1.],10.0
69,[-1. -1. -1.  1. -1. -1.  1.],8.0
70,[ 1.  1. -1.  1. -1. -1. -1.],10.0
71,[ 1. -1. -1.  1. -1. -1.  1.],10.0
72,[ 1.  1. -1.  1. -1. -1.  1.],10.0
73,[ 1. -1.  1.  1. -1. -1.  1.],10.0
74,[ 1. -1.  1. -1. -1. -1. -1.],9.0
75,[ 1. -1.  1.  1. -1.  1.  1.],9.0
76,[ 1. -1.  1. -1. -1.  1.  1.],9.0
77,[-1.  1.  1. -1.  1.  1. -1.],11.0
78,[ 1. -1. -1. -1. -1.  1.  1.],10.0
79,[ 1.  1.  1. -1.  1. -1.  1.],7.0
80,[ 1.  1.  1.  1. -1. -1.  1.],9.0
81,[ 1.  1. -1. -1.  1.  1. -1.],8.0
82,[ 1.  1.  1.  1. -1. -1. -1.],10.0
83,[ 1. -1. -1.  1. -1.  1.  1.],11.0
84,[-1. -1. -1.  1.  1.  1.  1.],10.0
85,[ 1. -1.  1. -1. -1. -1.  1.],11.0
86,[-1.  1. -1.  1.  1. -1. -1.],11.0
87,[-1.  1.  1. -1. -1. -1. -1.],9.0
88,[-1.  1.  1. -1.  1.  1.  1.],9.0
89,[ 1. -1. -1. -1.  1.  1.  1.],10.0
90,[ 1.  1. -1.  1. -1.  1. -1.],10.0
91,[ 1.  1.  1.  1. -1. -1. -1.],10.0
92,[-1.  1. -1.  1. -1.  1.  1.],10.0
93,[-1. -1.  1.  1. -1.  1.  1.],9.0
94,[-1. -1.  1. -1.  1.  1. -1.],10.0
95,[-1.  1. -1.  1. -1. -1.  1.],10.0
96,[-1. -1. -1.  1. -1.  1.  1.],9.0
97,[-1.  1. -1.  1. -1.  1. -1.],9.0
98,[ 1.  1.  1.  1. -1.  1. -1.],9.0
99,[ 1.  1.  1. -1. -1. -1.  1.],9.0
