,0,1
0,"[0, 2, 1]",15.0
1,"[0, 2, 1]",15.0
2,"[0, 2, 1]",6.0
3,"[0, 2, 1]",17.0
4,"[0, 2, 1]",14.0
5,"[0, 2, 1]",12.0
6,"[0, 2, 1]",12.0
7,"[0, 2, 1]",7.0
8,"[0, 2, 1]",18.0
9,"[0, 2, 1]",18.0
10,"[0, 2, 1]",19.0
11,"[0, 2, 1]",14.0
12,"[0, 2, 1]",16.0
13,"[0, 2, 1]",15.0
14,"[0, 2, 1]",10.0
15,"[0, 2, 1]",8.0
16,"[0, 2, 1]",8.0
17,"[0, 2, 1]",11.0
18,"[0, 2, 1]",15.0
19,"[0, 2, 1]",7.0
20,"[0, 2, 1]",15.0
21,"[0, 2, 1]",20.0
22,"[0, 2, 1]",16.0
23,"[0, 2, 1]",19.0
24,"[0, 2, 1]",4.0
25,"[0, 2, 1]",18.0
26,"[0, 2, 1]",23.0
27,"[0, 2, 1]",8.0
28,"[0, 2, 1]",14.0
29,"[0, 2, 1]",10.0
30,"[0, 2, 1]",8.0
31,"[0, 2, 1]",14.0
32,"[0, 2, 1]",17.0
33,"[0, 2, 1]",22.0
34,"[0, 2, 1]",13.0
35,"[0, 2, 1]",15.0
36,"[0, 2, 1]",14.0
37,"[0, 2, 1]",23.0
38,"[0, 2, 1]",6.0
39,"[0, 2, 1]",14.0
40,"[0, 2, 1]",17.0
41,"[0, 2, 1]",23.0
42,"[0, 2, 1]",20.0
43,"[0, 2, 1]",13.0
44,"[0, 2, 1]",8.0
45,"[0, 2, 1]",5.0
46,"[0, 2, 1]",6.0
47,"[0, 2, 1]",23.0
48,"[0, 2, 1]",19.0
49,"[0, 2, 1]",26.0
50,"[0, 2, 1]",10.0
51,"[0, 2, 1]",22.0
52,"[0, 2, 1]",9.0
53,"[0, 2, 1]",12.0
54,"[0, 2, 1]",15.0
55,"[0, 2, 1]",14.0
56,"[0, 2, 1]",17.0
57,"[0, 2, 1]",10.0
58,"[0, 2, 1]",15.0
59,"[0, 2, 1]",17.0
60,"[0, 2, 1]",23.0
61,"[0, 2, 1]",14.0
62,"[0, 2, 1]",23.0
63,"[0, 2, 1]",14.0
64,"[0, 2, 1]",14.0
65,"[0, 2, 1]",13.0
66,"[0, 2, 1]",13.0
67,"[0, 2, 1]",18.0
68,"[0, 2, 1]",17.0
69,"[0, 2, 1]",18.0
70,"[0, 2, 1]",15.0
71,"[0, 2, 1]",15.0
72,"[0, 2, 1]",27.0
73,"[0, 2, 1]",15.0
74,"[0, 2, 1]",12.0
75,"[0, 2, 1]",8.0
76,"[0, 2, 1]",8.0
77,"[0, 2, 1]",9.0
78,"[0, 2, 1]",23.0
79,"[0, 2, 1]",13.0
80,"[0, 2, 1]",10.0
81,"[0, 2, 1]",16.0
82,"[0, 2, 1]",11.0
83,"[0, 2, 1]",13.0
84,"[0, 2, 1]",10.0
85,"[0, 2, 1]",15.0
86,"[0, 2, 1]",20.0
87,"[0, 2, 1]",17.0
88,"[0, 2, 1]",7.0
89,"[0, 2, 1]",14.0
90,"[0, 2, 1]",18.0
91,"[0, 2, 1]",17.0
92,"[0, 2, 1]",18.0
93,"[0, 2, 1]",17.0
94,"[0, 2, 1]",14.0
95,"[0, 2, 1]",17.0
96,"[0, 2, 1]",1.0
97,"[0, 2, 1]",17.0
98,"[0, 2, 1]",11.0
99,"[0, 2, 1]",17.0
