,0,1
0,"[0, 4, 3, 1, 2]",20.0
1,"[0, 4, 3, 2, 1]",12.0
2,"[0, 4, 2, 3, 1]",19.0
3,"[0, 4, 1, 3, 2]",15.0
4,"[0, 4, 2, 3, 1]",19.0
5,"[0, 4, 3, 2, 1]",11.0
6,"[0, 4, 3, 2, 1]",14.0
7,"[0, 2, 4, 3, 1]",12.0
8,"[0, 4, 2, 1, 3]",16.0
9,"[0, 4, 2, 1, 3]",11.0
10,"[0, 3, 4, 2, 1]",24.0
11,"[0, 4, 3, 2, 1]",17.0
12,"[0, 3, 4, 1, 2]",19.0
13,"[0, 4, 3, 2, 1]",15.0
14,"[0, 3, 4, 1, 2]",23.0
15,"[0, 2, 3, 4, 1]",12.0
16,"[0, 2, 3, 4, 1]",12.0
17,"[0, 3, 4, 1, 2]",20.0
18,"[0, 3, 2, 4, 1]",19.0
19,"[0, 4, 1, 2, 3]",22.0
20,"[0, 3, 1, 4, 2]",20.0
21,"[0, 4, 3, 2, 1]",19.0
22,"[0, 3, 1, 4, 2]",17.0
23,"[0, 4, 3, 1, 2]",22.0
24,"[0, 4, 2, 1, 3]",18.0
25,"[0, 4, 1, 3, 2]",18.0
26,"[0, 2, 4, 3, 1]",21.0
27,"[0, 4, 2, 3, 1]",20.0
28,"[0, 2, 4, 3, 1]",23.0
29,"[0, 3, 1, 4, 2]",19.0
30,"[0, 2, 4, 3, 1]",20.0
31,"[0, 2, 3, 4, 1]",17.0
32,"[0, 3, 1, 4, 2]",21.0
33,"[0, 4, 2, 3, 1]",24.0
34,"[0, 3, 4, 2, 1]",21.0
35,"[0, 2, 4, 3, 1]",24.0
36,"[0, 2, 4, 3, 1]",12.0
37,"[0, 3, 4, 1, 2]",14.0
38,"[0, 4, 1, 2, 3]",15.0
39,"[0, 2, 4, 3, 1]",16.0
40,"[0, 4, 3, 1, 2]",22.0
41,"[0, 2, 3, 4, 1]",7.0
42,"[0, 2, 4, 3, 1]",18.0
43,"[0, 2, 3, 4, 1]",15.0
44,"[0, 4, 3, 1, 2]",15.0
45,"[0, 4, 1, 2, 3]",17.0
46,"[0, 4, 3, 2, 1]",20.0
47,"[0, 3, 4, 2, 1]",18.0
48,"[0, 2, 3, 4, 1]",13.0
49,"[0, 4, 3, 2, 1]",25.0
50,"[0, 3, 4, 1, 2]",22.0
51,"[0, 3, 2, 4, 1]",19.0
52,"[0, 3, 2, 4, 1]",21.0
53,"[0, 4, 2, 3, 1]",22.0
54,"[0, 2, 4, 3, 1]",18.0
55,"[0, 4, 1, 2, 3]",24.0
56,"[0, 4, 2, 3, 1]",21.0
57,"[0, 4, 1, 3, 2]",24.0
58,"[0, 4, 1, 2, 3]",21.0
59,"[0, 4, 2, 1, 3]",22.0
60,"[0, 2, 3, 4, 1]",20.0
61,"[0, 3, 4, 2, 1]",16.0
62,"[0, 4, 3, 2, 1]",14.0
63,"[0, 2, 3, 4, 1]",15.0
64,"[0, 4, 2, 3, 1]",18.0
65,"[0, 2, 3, 4, 1]",25.0
66,"[0, 2, 4, 3, 1]",18.0
67,"[0, 3, 4, 2, 1]",16.0
68,"[0, 3, 2, 4, 1]",12.0
69,"[0, 4, 3, 1, 2]",20.0
70,"[0, 4, 3, 2, 1]",24.0
71,"[0, 3, 4, 1, 2]",18.0
72,"[0, 4, 2, 3, 1]",22.0
73,"[0, 4, 3, 2, 1]",12.0
74,"[0, 2, 4, 3, 1]",17.0
75,"[0, 4, 3, 1, 2]",15.0
76,"[0, 4, 3, 2, 1]",7.0
77,"[0, 3, 2, 4, 1]",21.0
78,"[0, 4, 3, 1, 2]",18.0
79,"[0, 4, 2, 3, 1]",19.0
80,"[0, 4, 3, 2, 1]",11.0
81,"[0, 3, 4, 2, 1]",12.0
82,"[0, 4, 3, 2, 1]",20.0
83,"[0, 3, 4, 2, 1]",23.0
84,"[0, 3, 2, 4, 1]",23.0
85,"[0, 2, 4, 3, 1]",22.0
86,"[0, 4, 3, 1, 2]",10.0
87,"[0, 4, 2, 3, 1]",24.0
88,"[0, 2, 3, 4, 1]",23.0
89,"[0, 4, 2, 3, 1]",15.0
90,"[0, 3, 1, 4, 2]",18.0
91,"[0, 3, 2, 4, 1]",13.0
92,"[0, 4, 3, 1, 2]",22.0
93,"[0, 4, 3, 2, 1]",21.0
94,"[0, 3, 4, 2, 1]",21.0
95,"[0, 2, 3, 4, 1]",23.0
96,"[0, 4, 3, 2, 1]",21.0
97,"[0, 4, 3, 2, 1]",22.0
98,"[0, 3, 2, 4, 1]",18.0
99,"[0, 4, 3, 1, 2]",15.0
