-3.999999999999996 ([0, 1, 0, 1, 0], -6.0)
-2.999999999999998 ([0, 1, 1, 0, 0], -5.0)
-1.999999999999998 ([], -3.0)
-3.4999999999999964 ([0, 1, 0, 1, 1], -5.0)
-3.999999999999997 ([], -6.0)
-3.499999999999997 ([], -6.0)
-3.999999999999997 ([0, 1, 1, 0, 0], -5.999999999999999)
-2.9999999999999973 ([0, 0, 0, 1, 1], -5.0)
-3.999999999999997 ([], -5.999999999999999)
-3.9999999999999964 ([0, 0, 1, 0, 1], -5.999999999999999)
-1.9999999999999984 ([0, 0, 0, 1, 0], -4.0)
-3.999999999999997 ([0, 0, 1, 0, 1], -6.0)
-3.4999999999999964 ([0, 1, 1, 1, 0], -5.0)
-2.9999999999999973 ([], -4.0)
-4.999999999999996 ([], -5.999999999999999)
-3.499999999999997 ([], -5.0)
-3.9999999999999964 ([1, 0, 0, 1, 1], -5.999999999999999)
-3.999999999999997 ([], -4.999999999999999)
-3.4999999999999973 ([], -5.0)
-2.4999999999999982 ([1, 0, 0, 1, 1], -3.9999999999999996)
-3.4999999999999964 ([0, 1, 1, 1, 0], -4.999999999999999)
-4.499999999999996 ([], -5.999999999999999)
-2.4999999999999973 ([], -3.0)
-3.4999999999999947 ([1, 1, 0, 0, 0], -4.999999999999999)
-1.999999999999998 ([], -2.0)
-3.999999999999997 ([0, 1, 1, 0, 1], -5.0)
-4.499999999999996 ([0, 1, 0, 1, 1], -5.999999999999999)
-3.9999999999999964 ([1, 0, 1, 0, 0], -4.999999999999999)
-3.4999999999999973 ([0, 1, 1, 1, 0], -5.0)
-2.9999999999999973 ([1, 0, 1, 0, 1], -4.999999999999999)
-3.9999999999999964 ([0, 1, 1, 0, 0], -4.999999999999999)
-3.499999999999997 ([0, 1, 0, 1, 1], -4.999999999999999)
-3.4999999999999973 ([1, 0, 1, 0, 1], -5.0)
-4.4999999999999964 ([], -5.999999999999999)
-1.999999999999998 ([0, 1, 0, 0, 1], -3.0)
-3.4999999999999973 ([1, 1, 0, 0, 0], -5.0)
-3.4999999999999964 ([0, 0, 1, 0, 1], -4.999999999999999)
-4.499999999999996 ([1, 1, 0, 1, 0], -5.999999999999999)
-3.4999999999999964 ([], -5.000000000000001)
-4.999999999999996 ([0, 1, 0, 1, 1], -5.999999999999999)
-3.9999999999999964 ([1, 1, 0, 0, 1], -6.000000000000001)
-3.499999999999996 ([], -5.0)
-3.4999999999999973 ([0, 1, 0, 1, 0], -6.0)
-3.499999999999997 ([1, 0, 0, 1, 1], -4.999999999999999)
-2.9999999999999973 ([0, 1, 0, 0, 1], -5.000000000000001)
-2.9999999999999973 ([1, 0, 0, 0, 1], -5.0)
-3.4999999999999964 ([1, 1, 0, 0, 1], -6.0)
-2.499999999999998 ([0, 0, 1, 1, 1], -4.0)
-3.999999999999996 ([0, 1, 0, 1, 0], -4.999999999999999)
-4.4999999999999964 ([0, 0, 1, 1, 1], -5.999999999999999)
-2.4999999999999982 ([], -3.9999999999999996)
-2.999999999999998 ([1, 0, 1, 1, 0], -3.999999999999999)
-3.4999999999999973 ([1, 1, 0, 0, 1], -4.999999999999999)
-4.4999999999999964 ([1, 0, 0, 1, 1], -5.999999999999999)
-2.9999999999999973 ([1, 1, 0, 0, 0], -5.000000000000001)
-3.9999999999999964 ([1, 0, 1, 0, 1], -6.0)
-3.9999999999999964 ([0, 1, 0, 1, 1], -5.999999999999999)
-2.499999999999998 ([1, 0, 1, 1, 0], -5.0)
-3.9999999999999964 ([0, 0, 1, 0, 1], -5.0)
-2.999999999999998 ([0, 1, 1, 1, 0], -5.0)
-4.9999999999999964 ([], -6.0)
-3.4999999999999973 ([], -5.000000000000001)
-3.4999999999999973 ([1, 1, 0, 0, 0], -5.000000000000001)
-3.999999999999997 ([0, 1, 0, 1, 1], -6.0)
-2.4999999999999982 ([1, 0, 1, 1, 0], -4.999999999999999)
-2.4999999999999973 ([1, 0, 0, 1, 1], -3.9999999999999996)
-3.499999999999997 ([0, 0, 0, 1, 1], -5.999999999999999)
-3.499999999999997 ([0, 0, 1, 1, 0], -3.9999999999999996)
-3.499999999999997 ([1, 0, 1, 0, 1], -6.0)
-2.999999999999998 ([], -3.999999999999999)
-3.499999999999997 ([0, 1, 0, 1, 0], -6.0)
-3.499999999999997 ([1, 0, 0, 1, 0], -5.999999999999999)
-3.999999999999996 ([], -6.0)
-2.999999999999997 ([0, 1, 0, 1, 0], -5.999999999999999)
-4.9999999999999964 ([], -5.999999999999999)
-3.9999999999999964 ([1, 0, 1, 1, 0], -4.999999999999999)
-3.9999999999999964 ([1, 1, 0, 0, 1], -5.999999999999999)
-4.499999999999995 ([1, 0, 1, 0, 0], -5.999999999999999)
-2.9999999999999964 ([], -4.999999999999999)
-2.999999999999997 ([1, 0, 0, 1, 1], -3.999999999999999)
-4.4999999999999964 ([1, 1, 0, 0, 1], -5.999999999999999)
-3.999999999999996 ([1, 0, 1, 0, 0], -4.999999999999999)
-3.4999999999999964 ([1, 1, 0, 0, 0], -5.0)
-3.499999999999997 ([0, 1, 0, 1, 0], -6.0)
-2.999999999999998 ([0, 1, 0, 1, 1], -5.0)
-3.999999999999997 ([0, 1, 1, 0, 1], -6.0)
-4.4999999999999964 ([1, 1, 0, 1, 0], -6.0)
-3.999999999999997 ([1, 1, 0, 0, 0], -6.0)
-2.4999999999999982 ([], -4.0)
-3.4999999999999964 ([0, 1, 1, 0, 1], -4.999999999999999)
-2.4999999999999982 ([1, 1, 0, 0, 0], -4.999999999999999)
-2.999999999999997 ([0, 1, 0, 0, 1], -4.999999999999999)
-4.499999999999996 ([1, 1, 0, 1, 0], -5.999999999999999)
-3.4999999999999964 ([], -4.999999999999999)
-2.9999999999999973 ([1, 0, 0, 1, 0], -3.999999999999999)
-2.4999999999999982 ([1, 1, 0, 0, 0], -4.999999999999999)
-3.999999999999996 ([1, 1, 0, 0, 0], -4.999999999999999)
-1.499999999999999 ([0, 1, 1, 0, 1], -2.9999999999999996)
-2.999999999999997 ([1, 1, 1, 0, 0], -4.999999999999999)
-4.4999999999999964 ([0, 0, 1, 1, 1], -5.999999999999999)
-2.4999999999999982 ([1, 0, 0, 1, 0], -4.000000000000001)
-3.4999999999999973 ([], -4.999999999999999)
-2.999999999999997 ([0, 0, 1, 1, 1], -4.0)
-3.999999999999997 ([0, 1, 1, 1, 0], -5.999999999999999)
-3.999999999999996 ([0, 1, 0, 1, 0], -5.999999999999999)
-3.999999999999996 ([], -4.999999999999999)
-3.999999999999996 ([1, 1, 0, 0, 0], -5.999999999999999)
-3.999999999999996 ([1, 0, 0, 1, 1], -4.999999999999999)
-2.999999999999998 ([1, 1, 1, 0, 0], -5.000000000000001)
-2.499999999999998 ([0, 0, 1, 1, 1], -2.9999999999999996)
-3.9999999999999956 ([0, 1, 1, 0, 1], -5.999999999999999)
-3.4999999999999973 ([], -5.0)
-3.999999999999997 ([0, 1, 0, 1, 0], -5.0)
-2.4999999999999982 ([1, 1, 1, 0, 0], -3.9999999999999996)
-3.999999999999997 ([0, 1, 0, 1, 0], -6.0)
-2.999999999999998 ([1, 1, 0, 0, 1], -3.9999999999999996)
-4.4999999999999964 ([0, 0, 1, 1, 1], -5.999999999999999)
-3.4999999999999973 ([0, 1, 0, 1, 1], -4.999999999999999)
-3.499999999999997 ([0, 0, 1, 1, 1], -4.999999999999999)
-4.4999999999999964 ([0, 1, 1, 0, 1], -6.000000000000001)
-3.9999999999999964 ([1, 1, 0, 1, 0], -6.0)
-3.4999999999999973 ([1, 0, 1, 1, 0], -5.0)
-3.4999999999999973 ([1, 1, 1, 0, 0], -5.0)
-3.999999999999996 ([0, 1, 1, 1, 0], -6.0)
-4.4999999999999964 ([1, 1, 0, 0, 0], -5.999999999999999)
-3.999999999999996 ([1, 0, 0, 1, 0], -5.999999999999999)
-4.4999999999999964 ([1, 1, 1, 0, 0], -5.999999999999999)
-3.999999999999997 ([0, 1, 0, 1, 1], -6.0)
-2.999999999999998 ([1, 0, 1, 0, 1], -3.999999999999999)
-3.999999999999996 ([0, 1, 0, 0, 1], -6.000000000000001)
-4.4999999999999964 ([1, 0, 1, 0, 0], -6.000000000000001)
-2.4999999999999982 ([0, 1, 1, 1, 1], -2.9999999999999996)
-3.999999999999996 ([], -5.0)
-3.9999999999999964 ([0, 0, 1, 1, 1], -5.999999999999999)
-3.999999999999997 ([0, 0, 0, 1, 1], -5.999999999999999)
-2.9999999999999973 ([0, 0, 1, 1, 0], -3.999999999999999)
-3.499999999999997 ([0, 1, 1, 0, 0], -4.999999999999999)
-2.999999999999997 ([0, 1, 0, 1, 0], -4.0)
-3.499999999999996 ([], -4.999999999999999)
-4.4999999999999964 ([], -5.999999999999999)
-2.9999999999999973 ([], -4.999999999999999)
-3.4999999999999973 ([1, 0, 0, 1, 1], -5.0)
-3.999999999999997 ([0, 0, 0, 1, 1], -5.0)
-4.4999999999999964 ([0, 1, 1, 0, 0], -6.0)
-2.999999999999998 ([0, 1, 1, 0, 0], -5.0)
-2.9999999999999973 ([0, 0, 1, 1, 0], -5.0)
-2.999999999999998 ([0, 1, 0, 1, 0], -4.999999999999999)
-4.4999999999999964 ([1, 0, 1, 0, 0], -5.999999999999999)
-3.4999999999999973 ([0, 1, 0, 1, 0], -5.0)
-2.4999999999999982 ([0, 1, 0, 1, 1], -4.999999999999999)
-2.999999999999998 ([0, 0, 1, 0, 1], -3.9999999999999996)
-4.499999999999996 ([1, 0, 1, 1, 0], -5.999999999999999)
-3.4999999999999964 ([], -3.999999999999999)
-3.4999999999999973 ([1, 0, 0, 1, 0], -6.0)
-3.4999999999999964 ([1, 1, 0, 1, 0], -5.999999999999999)
-3.999999999999997 ([1, 0, 0, 1, 0], -5.0)
-2.999999999999997 ([0, 1, 0, 1, 1], -4.999999999999999)
-2.4999999999999982 ([0, 1, 0, 1, 0], -5.000000000000001)
-4.4999999999999964 ([], -6.0)
-3.499999999999997 ([1, 1, 0, 0, 0], -4.999999999999999)
-2.4999999999999973 ([0, 1, 0, 0, 1], -4.0)
-2.999999999999998 ([1, 1, 1, 0, 0], -4.0)
-2.999999999999997 ([0, 1, 0, 1, 0], -4.0)
-1.499999999999999 ([0, 0, 0, 0, 1], -3.0000000000000004)
-1.4999999999999987 ([0, 1, 1, 0, 0], -3.0)
-3.999999999999997 ([0, 1, 1, 0, 0], -6.0)
-4.4999999999999964 ([0, 1, 1, 0, 0], -6.0)
-4.4999999999999964 ([], -6.0)
-3.4999999999999973 ([0, 1, 1, 0, 1], -6.000000000000001)
-2.999999999999997 ([0, 0, 0, 1, 1], -5.000000000000001)
-4.999999999999995 ([], -6.000000000000001)
-1.9999999999999982 ([], -2.9999999999999996)
-1.9999999999999982 ([0, 1, 0, 1, 1], -3.9999999999999996)
-3.4999999999999973 ([0, 0, 1, 1, 1], -4.0)
-2.999999999999998 ([0, 0, 1, 1, 0], -3.9999999999999996)
-3.9999999999999964 ([1, 1, 1, 0, 0], -4.999999999999999)
-3.4999999999999973 ([0, 0, 1, 0, 0], -3.9999999999999996)
-3.999999999999997 ([0, 1, 0, 0, 1], -5.0)
-3.4999999999999973 ([1, 0, 1, 1, 0], -6.0)
-2.4999999999999973 ([0, 1, 0, 1, 0], -3.9999999999999996)
-3.4999999999999964 ([0, 1, 0, 1, 0], -6.0)
-2.999999999999998 ([1, 1, 0, 0, 0], -4.999999999999999)
-1.9999999999999984 ([1, 0, 1, 1, 0], -3.0)
-2.999999999999997 ([0, 1, 1, 0, 1], -4.0)
-3.999999999999997 ([], -4.999999999999999)
-3.999999999999996 ([0, 0, 1, 1, 1], -5.999999999999999)
-3.4999999999999973 ([1, 1, 0, 1, 0], -5.0)
-2.499999999999998 ([], -3.0)
-3.4999999999999964 ([1, 0, 0, 0, 1], -5.0)
-4.4999999999999964 ([1, 1, 0, 0, 1], -6.0)
-3.999999999999997 ([1, 1, 0, 1, 0], -4.999999999999999)
-3.4999999999999973 ([], -4.999999999999999)
-3.999999999999997 ([0, 1, 1, 1, 0], -4.999999999999999)
-2.999999999999998 ([], -3.9999999999999996)
-3.499999999999997 ([1, 0, 1, 1, 0], -6.0)
-3.999999999999996 ([1, 0, 0, 1, 0], -4.999999999999999)
-4.4999999999999964 ([1, 0, 1, 0, 1], -6.0)
-2.4999999999999973 ([0, 0, 1, 1, 1], -3.9999999999999996)
-3.999999999999997 ([0, 0, 0, 1, 1], -4.999999999999999)
-3.4999999999999973 ([], -5.0)
