-4.000000000000016 ([0, 0, 1, 1, 0], -5.000000000000001)
-4.489732920908437 ([], -5.000000000000001)
-2.0000000000000098 ([], -3.0)
-3.5000000000000036 ([], -5.000000000000001)
-4.980958739576323 ([1, 1, 0, 0, 0], -6.000000000000001)
-4.2032694379202535 ([0, 1, 0, 1, 0], -5.999999999999999)
-4.000000000000016 ([1, 0, 0, 1, 1], -5.999999999999999)
-3.000000000000005 ([0, 0, 0, 1, 1], -5.0)
-4.000000000001138 ([1, 1, 0, 0, 1], -6.0)
-4.000000000000022 ([0, 0, 1, 1, 0], -5.0)
-2.0000000037510324 ([0, 0, 0, 1, 0], -3.9999999999999996)
-4.000000000000023 ([0, 0, 1, 0, 1], -6.0)
-3.500000000000006 ([0, 0, 0, 1, 1], -4.0)
-3.0000000000008487 ([0, 0, 1, 1, 1], -4.999999999999999)
-4.999999999994854 ([1, 0, 1, 0, 1], -6.000000000000001)
-3.500000000000047 ([1, 0, 0, 1, 1], -5.0)
-4.000000000000027 ([0, 1, 1, 1, 0], -5.0)
-4.000000000000024 ([1, 0, 1, 1, 0], -6.0)
-3.500000000000001 ([0, 1, 0, 1, 1], -5.0)
-2.500000000000706 ([1, 0, 0, 1, 1], -3.9999999999999996)
-3.500000000000985 ([0, 0, 0, 1, 1], -5.0)
-5.103319099380644 ([1, 0, 0, 1, 1], -6.000000000000001)
-2.50000000000072 ([0, 1, 1, 0, 1], -4.0)
-3.500000000000001 ([], -5.0)
-3.0582807567944936 ([1, 0, 1, 1, 0], -3.999999999999999)
-5.025551817704056 ([0, 1, 0, 0, 1], -6.0)
-4.500000000000023 ([1, 0, 1, 0, 0], -6.0)
-4.844526501334629 ([1, 1, 1, 0, 0], -6.0)
-3.5000000000000084 ([0, 1, 1, 1, 0], -4.999999999999999)
-3.000000000000013 ([1, 0, 0, 0, 1], -4.999999999999999)
-4.000000000001147 ([0, 1, 0, 1, 1], -5.000000000000001)
-3.5000000000000107 ([1, 1, 0, 1, 0], -5.0)
-3.5000000000000084 ([1, 0, 0, 1, 0], -5.0)
-4.500000000000023 ([1, 1, 0, 0, 1], -5.0)
-2.7967957036829807 ([0, 1, 1, 0, 1], -3.000000000000001)
-3.5000000000000036 ([0, 0, 1, 0, 1], -5.0)
-4.407567347942174 ([], -5.0)
-4.500000000000017 ([], -6.0)
-3.5000000000000133 ([1, 1, 0, 0, 1], -3.9999999999999996)
-4.999999999994894 ([0, 0, 1, 1, 0], -6.000000000000001)
-4.334390844351883 ([0, 0, 1, 1, 0], -6.000000000000001)
-4.3711324556177535 ([0, 0, 1, 1, 1], -5.000000000000001)
-3.499999999996405 ([1, 0, 0, 1, 0], -4.0)
-3.5000000000009814 ([1, 1, 0, 0, 0], -5.0)
-4.10993681276224 ([0, 0, 1, 1, 0], -5.000000000000001)
-3.0000000000000044 ([0, 1, 0, 1, 0], -5.000000000000001)
-4.170393393242067 ([1, 1, 0, 0, 1], -6.0)
-3.237108907758242 ([0, 0, 1, 1, 1], -4.0)
-4.00000000000002 ([0, 1, 0, 0, 1], -5.000000000000001)
-4.500000000000021 ([0, 1, 0, 1, 0], -6.000000000000001)
-2.5000000000000173 ([1, 0, 1, 0, 1], -4.0)
-2.999999999996909 ([0, 1, 0, 1, 1], -4.000000000000001)
-4.103752181661475 ([0, 1, 1, 0, 0], -5.0)
-4.500000000000037 ([0, 1, 1, 0, 0], -6.0)
-3.0000000000008398 ([0, 1, 1, 0, 1], -4.0)
-5.3402886796760445 ([0, 1, 0, 1, 0], -6.000000000000002)
-4.0000000000011315 ([1, 0, 1, 1, 0], -6.000000000000001)
-2.499999999999691 ([0, 1, 0, 0, 1], -4.999999999999999)
-4.000000000000018 ([0, 1, 1, 1, 0], -5.0)
-3.4991591744039328 ([1, 0, 0, 0, 1], -5.0)
-4.999999999994882 ([], -6.0)
-3.500000000000013 ([0, 0, 1, 0, 1], -5.0)
-3.5000000000000155 ([1, 0, 1, 0, 1], -3.999999999999999)
-4.3343908276547385 ([1, 0, 1, 0, 0], -5.999999999999999)
-3.692805350172951 ([1, 0, 1, 1, 0], -5.000000000000001)
-2.500000000000704 ([1, 0, 0, 1, 1], -4.0)
-4.599869459590604 ([0, 0, 0, 1, 1], -6.0)
-3.5000000000000013 ([], -5.0)
-3.5000000000009925 ([0, 1, 0, 1, 0], -6.0)
-2.9999999999969225 ([0, 0, 1, 1, 1], -4.0)
-3.5000000000009988 ([1, 0, 1, 0, 1], -6.0)
-3.499999999996508 ([1, 0, 0, 1, 0], -5.999999999999999)
-4.000000000001139 ([], -6.0)
-2.9999999999995572 ([1, 1, 0, 1, 0], -3.9999999999999996)
-5.990633576764558 ([1, 1, 0, 1, 0], -6.000000000000001)
-4.000000000000017 ([0, 0, 1, 1, 0], -5.000000000000001)
-4.000000000000029 ([0, 1, 0, 0, 1], -5.000000000000001)
-4.5000000000000355 ([1, 0, 1, 0, 0], -6.0)
-3.502403662824007 ([0, 0, 1, 1, 0], -4.000000000000001)
-4.110068884437805 ([0, 0, 1, 1, 0], -5.0)
-4.5000000000000275 ([1, 1, 0, 0, 0], -6.0)
-4.000000000000031 ([1, 0, 1, 0, 1], -6.0)
-3.5000000000000098 ([1, 0, 0, 1, 0], -5.0)
-4.48212410033907 ([0, 1, 0, 1, 0], -6.000000000000002)
-3.0000000000000044 ([0, 1, 0, 1, 1], -5.0)
-4.000000000000019 ([], -5.0)
-5.103319063772202 ([0, 1, 0, 0, 1], -6.000000000000001)
-4.000000000001147 ([1, 1, 0, 0, 0], -6.000000000000001)
-2.500000000000008 ([0, 0, 1, 1, 0], -3.9999999999999996)
-3.500000000000986 ([0, 1, 1, 0, 1], -4.999999999999998)
-2.499999999999687 ([], -5.0)
-3.000000000000009 ([1, 0, 0, 0, 1], -4.000000000000001)
-4.5000000000000275 ([], -6.000000000000001)
-3.9415841826099776 ([1, 1, 0, 0, 0], -4.999999999999999)
-2.9999999999969047 ([0, 1, 1, 0, 1], -4.000000000000001)
-2.4999999999996896 ([1, 1, 0, 0, 1], -4.0)
-4.0000000000000195 ([], -5.999999999999999)
-1.4999999999998743 ([], -2.0)
-3.000000000000014 ([], -3.0)
-4.500000000000036 ([0, 0, 1, 1, 0], -6.0)
-3.444104864801152 ([0, 1, 1, 0, 0], -4.000000000000001)
-3.941584182441184 ([0, 1, 1, 0, 0], -5.0)
-3.6933270223089765 ([0, 0, 0, 1, 1], -5.0)
-4.334390868650046 ([0, 1, 1, 1, 0], -6.000000000000001)
-4.0000000000011475 ([1, 1, 0, 1, 0], -6.0)
-4.000000000000024 ([], -5.999999999999999)
-4.0000000000000275 ([], -5.0)
-4.000000000000013 ([1, 1, 0, 0, 1], -5.0)
-3.000000000000119 ([0, 0, 0, 1, 1], -5.0)
-2.4999999999996834 ([1, 0, 1, 1, 0], -5.0)
-4.000000000000018 ([0, 1, 1, 0, 1], -6.0)
-3.500000000000012 ([0, 0, 1, 1, 1], -4.0)
-5.068543264263129 ([0, 1, 0, 1, 1], -6.000000000000001)
-2.499999999997428 ([1, 1, 0, 0, 1], -4.0)
-4.000000000000022 ([1, 0, 1, 1, 0], -5.000000000000001)
-3.000000000000003 ([0, 0, 1, 1, 0], -4.0)
-4.500000000000031 ([1, 1, 0, 0, 1], -6.0)
-3.500000000000995 ([1, 1, 1, 0, 0], -6.0)
-3.5000000000000204 ([1, 0, 0, 1, 0], -5.000000000000001)
-5.761621847209242 ([0, 1, 0, 1, 1], -6.000000000000001)
-4.8961199982441785 ([1, 1, 0, 1, 0], -6.000000000000001)
-4.599869459685835 ([0, 1, 1, 0, 1], -5.999999999999999)
-4.59986945934462 ([0, 1, 0, 1, 1], -6.000000000000002)
-5.033256114490193 ([1, 0, 0, 0, 1], -6.0)
-4.500000000000021 ([0, 0, 1, 1, 1], -6.000000000000001)
-4.000000000000023 ([1, 0, 1, 0, 0], -5.000000000000001)
-5.60642627788756 ([0, 1, 1, 0, 0], -6.000000000000001)
-4.000000000001145 ([0, 0, 0, 1, 1], -6.000000000000001)
-3.0000000000000084 ([1, 0, 1, 1, 0], -5.0)
-4.000000000000023 ([1, 0, 0, 0, 1], -5.0)
-4.5000000000000195 ([0, 1, 0, 1, 1], -6.000000000000001)
-2.499999999999692 ([0, 1, 0, 1, 1], -4.999999999999999)
-4.000000000000019 ([0, 0, 1, 0, 1], -5.0)
-5.016483107888215 ([1, 1, 1, 0, 0], -5.999999999999999)
-5.258927936025227 ([0, 0, 0, 1, 1], -6.000000000000001)
-4.229438334051194 ([0, 1, 0, 1, 0], -5.000000000000001)
-3.500000000000018 ([0, 1, 1, 0, 0], -4.999999999999999)
-3.8071214618194347 ([1, 0, 1, 1, 0], -4.000000000000002)
-3.5000000000009837 ([1, 1, 0, 1, 0], -5.000000000000001)
-4.500000000000043 ([0, 0, 1, 1, 1], -5.999999999999999)
-3.000000000000843 ([0, 0, 1, 0, 1], -4.999999999999999)
-3.5000000000010005 ([0, 1, 1, 0, 0], -4.999999999999999)
-5.34126856182935 ([], -6.0)
-4.500000000000028 ([], -6.000000000000001)
-3.0000000000000124 ([1, 0, 1, 0, 1], -4.000000000000001)
-4.1244086995228 ([], -5.000000000000001)
-4.086457688153714 ([0, 1, 0, 1, 0], -5.000000000000001)
-5.104105627255697 ([0, 0, 0, 1, 1], -6.0)
-3.5000000000000204 ([], -5.0)
-2.499999999999689 ([1, 1, 1, 0, 0], -4.0)
-2.9999999999999982 ([0, 1, 0, 1, 0], -3.999999999999999)
-4.500000000000017 ([], -5.999999999999999)
-3.9773875694211416 ([], -5.0)
-3.5000000000009943 ([1, 0, 0, 1, 1], -5.0)
-3.499999999996397 ([1, 1, 0, 1, 1], -4.000000000000001)
-4.000000000000028 ([], -5.0)
-4.077798496309823 ([1, 0, 1, 0, 0], -5.0)
-2.4999999999997145 ([0, 1, 0, 1, 0], -5.0)
-4.50000000000003 ([1, 0, 1, 0, 0], -5.999999999999999)
-3.500000000000975 ([0, 0, 0, 1, 1], -5.999999999999999)
-2.5000000000007048 ([1, 0, 1, 1, 0], -4.000000000000001)
-2.9999999999969127 ([0, 1, 1, 1, 0], -4.0)
-3.0000000000001874 ([0, 1, 0, 0, 1], -4.0)
-2.3164965794706402 ([1, 1, 1, 1, 0], -3.0000000000000004)
-2.600917368570923 ([1, 0, 1, 0, 0], -3.0000000000000004)
-4.000000000000017 ([1, 0, 0, 1, 1], -5.999999999999999)
-4.5000000000000195 ([1, 1, 0, 1, 0], -6.0)
-4.500000000000022 ([], -5.999999999999999)
-3.499999999996397 ([0, 1, 1, 0, 1], -6.0)
-3.649516257412694 ([0, 0, 0, 1, 1], -4.999999999999999)
-4.99999999999484 ([0, 1, 0, 1, 1], -6.000000000000001)
-2.000000000000288 ([], -2.0)
-3.153633779162635 ([0, 1, 0, 1, 1], -4.000000000000001)
-3.500000000000985 ([0, 1, 1, 1, 0], -4.0)
-4.135826065333514 ([], -5.0)
-5.329187426507906 ([1, 1, 0, 0, 0], -6.0)
-4.905606693465549 ([1, 0, 0, 1, 1], -6.000000000000001)
-4.000000000000019 ([0, 1, 1, 0, 1], -5.0)
-3.5000000000009814 ([1, 0, 1, 0, 0], -5.0)
-2.500000000000001 ([1, 0, 0, 1, 1], -4.0)
-4.203023549541096 ([1, 0, 1, 0, 1], -6.0)
-3.4990423472607732 ([1, 1, 0, 0, 0], -5.000000000000001)
-2.000000000000286 ([1, 1, 0, 0, 1], -3.0)
-3.000000000000855 ([0, 1, 0, 1, 0], -3.9999999999999996)
-4.000000000001165 ([], -4.0)
-4.000000000000029 ([1, 1, 0, 0, 0], -5.999999999999999)
-3.5000000000000107 ([1, 0, 0, 1, 0], -5.0)
-2.5000000000000084 ([0, 1, 1, 0, 1], -4.0)
-3.500000000000989 ([0, 1, 1, 0, 0], -4.000000000000001)
-4.50000000000002 ([1, 0, 0, 0, 1], -6.0)
-4.334390868535869 ([0, 0, 0, 1, 1], -5.000000000000001)
-3.5000000000000138 ([1, 1, 0, 0, 0], -5.0)
-4.000000000001149 ([1, 0, 1, 1, 0], -5.999999999999999)
-2.9999999999969216 ([0, 1, 0, 0, 1], -3.9999999999999996)
-4.278390094609239 ([0, 1, 0, 0, 1], -6.000000000000001)
-4.00000000000115 ([1, 0, 1, 1, 0], -6.0)
-4.500000000000014 ([], -6.0)
-2.500000000000002 ([0, 0, 1, 0, 1], -4.0)
-4.334390868690736 ([1, 0, 0, 1, 0], -6.0)
-3.5000000000000067 ([0, 0, 1, 0, 1], -4.999999999999999)
