-4.520536017133219 ([1, 0, 1, 0, 0], -5.000000000000001)
-4.623429760671099 ([1, 0, 0, 1, 1], -5.000000000000001)
-2.772855965823462 ([0, 0, 1, 0, 1], -3.0000000000000004)
-4.475315719154004 ([], -5.0)
-4.935103817458877 ([0, 0, 1, 1, 1], -6.000000000000002)
-4.306845728323254 ([1, 0, 1, 0, 1], -6.0)
-4.7728247852703625 ([0, 1, 1, 0, 0], -6.0)
-4.203653247880524 ([1, 1, 1, 0, 0], -5.000000000000002)
-5.693190491286288 ([1, 1, 0, 0, 0], -6.000000000000001)
-4.819796492242177 ([], -6.0)
-3.578100446109051 ([1, 1, 1, 0, 1], -4.000000000000001)
-4.945790964205777 ([1, 1, 0, 1, 0], -5.999999999999999)
-4.139509570844471 ([0, 1, 0, 1, 0], -5.000000000000001)
-4.059824988707739 ([1, 1, 0, 0, 0], -5.0)
-5.992565482699464 ([1, 1, 1, 0, 0], -6.000000000000001)
-4.460869862526636 ([0, 1, 0, 0, 1], -5.000000000000001)
-4.929673408300204 ([0, 1, 1, 0, 0], -6.0)
-4.937445326449545 ([1, 0, 1, 1, 0], -5.999999999999999)
-4.214808855656627 ([1, 1, 0, 0, 0], -4.999999999999999)
-3.705040004400649 ([], -4.0)
-4.926613315247826 ([], -6.000000000000001)
-5.8010091720469825 ([0, 1, 1, 1, 0], -6.000000000000001)
-3.640775972691319 ([0, 1, 1, 0, 1], -4.0)
-4.474430191335564 ([0, 0, 1, 1, 1], -5.000000000000001)
-3.4339215574944455 ([1, 0, 1, 1, 0], -4.000000000000001)
-4.866750707096151 ([], -5.0)
-5.699465532611248 ([0, 0, 1, 0, 1], -6.000000000000001)
-4.923557147246065 ([], -6.0)
-4.686149124756101 ([0, 0, 1, 0, 1], -5.000000000000001)
-4.413052117791805 ([0, 1, 0, 1, 0], -5.000000000000001)
-4.859508089250965 ([0, 0, 1, 0, 1], -5.000000000000002)
-4.365555898644495 ([0, 0, 1, 0, 1], -5.000000000000001)
-4.235906984119322 ([1, 0, 1, 0, 1], -5.0)
-5.780024912322372 ([1, 1, 0, 1, 0], -6.0)
-2.7957012799098715 ([1, 1, 0, 1, 0], -3.0000000000000004)
-4.472935907064003 ([1, 0, 0, 1, 0], -5.000000000000001)
-4.474074468991321 ([1, 0, 1, 1, 0], -5.000000000000001)
-5.775706602850733 ([1, 1, 0, 1, 0], -6.0)
-4.71575465215093 ([0, 0, 1, 0, 1], -5.000000000000001)
-5.959966594420875 ([], -6.000000000000001)
-4.837900462264585 ([0, 0, 1, 1, 0], -6.000000000000001)
-4.2031094704585765 ([], -5.0)
-4.854405402946078 ([], -6.000000000000001)
-4.335420534809835 ([0, 1, 1, 0, 0], -4.999999999999999)
-3.3131277266081884 ([0, 0, 1, 1, 0], -4.999999999999999)
-4.174064143204579 ([1, 0, 0, 0, 1], -5.000000000000002)
-4.80599828986183 ([0, 0, 1, 1, 0], -6.000000000000001)
-3.708361252071671 ([], -4.000000000000001)
-4.343037277573755 ([0, 1, 1, 0, 0], -6.000000000000001)
-5.752291630329206 ([1, 1, 0, 1, 0], -6.000000000000001)
-3.968326783728688 ([0, 0, 1, 0, 1], -4.000000000000001)
-3.998219593278864 ([], -4.0)
-4.368309550598006 ([0, 0, 1, 1, 0], -5.000000000000001)
-5.718829329855305 ([1, 0, 0, 1, 1], -6.000000000000001)
-4.122656005831463 ([0, 0, 1, 1, 1], -5.000000000000002)
-5.1712507030273684 ([1, 0, 0, 0, 1], -6.000000000000001)
-5.4199310795137725 ([1, 0, 1, 0, 0], -6.0)
-3.6741982778528772 ([], -5.0)
-4.679439911364569 ([1, 0, 0, 1, 0], -6.0)
-4.126358598397566 ([0, 1, 1, 1, 0], -5.000000000000001)
-5.99934033550033 ([0, 1, 0, 1, 1], -6.000000000000001)
-4.467538375476287 ([0, 0, 1, 0, 1], -5.000000000000002)
-4.455861559035082 ([0, 0, 1, 1, 0], -5.000000000000001)
-4.942846031568367 ([1, 0, 1, 0, 0], -6.0)
-4.488851017555528 ([], -5.0)
-3.6625389815190017 ([1, 0, 0, 0, 1], -4.000000000000001)
-4.389281673782936 ([0, 1, 0, 1, 1], -5.000000000000001)
-4.475083052391364 ([], -5.0)
-4.816297843611614 ([0, 1, 0, 1, 0], -6.000000000000001)
-3.9588988182427483 ([0, 1, 1, 1, 1], -4.000000000000001)
-4.28232431058989 ([0, 1, 0, 1, 0], -6.000000000000001)
-4.867048038614996 ([1, 0, 0, 1, 0], -6.000000000000001)
-4.873107442772104 ([0, 0, 1, 0, 1], -6.0)
-4.304428476467654 ([1, 0, 1, 0, 1], -6.000000000000001)
-5.905211778869384 ([1, 1, 0, 1, 0], -6.000000000000001)
-4.938845129710815 ([1, 1, 0, 1, 0], -6.000000000000001)
-4.853093641828646 ([0, 0, 1, 1, 0], -5.999999999999999)
-5.537051658787823 ([0, 1, 0, 1, 1], -6.000000000000001)
-4.708951952397497 ([0, 0, 0, 1, 1], -5.000000000000001)
-4.3022483348605425 ([1, 0, 0, 0, 1], -5.000000000000001)
-4.669228764524621 ([1, 1, 0, 0, 0], -6.000000000000001)
-4.941993772557809 ([1, 0, 1, 0, 1], -6.0)
-4.47348726886393 ([0, 1, 1, 0, 1], -5.000000000000001)
-4.278319014352681 ([0, 1, 0, 1, 0], -5.999999999999999)
-3.9273437177923656 ([0, 1, 0, 1, 1], -5.000000000000001)
-4.866989478338976 ([1, 0, 0, 1, 0], -6.0)
-5.732400769295282 ([], -6.0)
-5.811393230182566 ([0, 0, 1, 0, 1], -6.000000000000001)
-3.503721187428244 ([0, 0, 1, 1, 0], -4.000000000000001)
-4.494959191040569 ([0, 1, 1, 0, 1], -5.000000000000001)
-3.8950801414438723 ([0, 0, 1, 1, 1], -5.000000000000001)
-3.776475604357787 ([0, 1, 0, 0, 1], -5.0)
-5.712900058498962 ([], -6.000000000000001)
-4.145237089835351 ([0, 0, 1, 1, 1], -4.999999999999999)
-3.8777820307968316 ([1, 1, 0, 0, 1], -4.000000000000001)
-3.7023730231959955 ([0, 0, 1, 1, 1], -5.000000000000001)
-4.34732359086143 ([0, 0, 0, 1, 1], -6.0)
-2.606224403758858 ([1, 0, 1, 1, 0], -3.000000000000001)
-4.022565616217835 ([0, 1, 0, 1, 1], -5.000000000000001)
-5.557208380559815 ([0, 1, 0, 0, 1], -6.000000000000001)
-3.7825324511728313 ([], -4.0)
-4.273144940521872 ([0, 1, 1, 0, 0], -5.0)
-3.7034204514326676 ([0, 1, 0, 1, 0], -4.000000000000001)
-4.779095303767162 ([1, 0, 0, 0, 1], -6.000000000000001)
-4.863104037174411 ([1, 0, 0, 1, 0], -5.000000000000001)
-4.938775976333389 ([0, 0, 0, 1, 1], -5.999999999999999)
-4.245621305627537 ([1, 1, 0, 0, 0], -6.000000000000001)
-4.947140746631295 ([0, 1, 0, 1, 1], -5.999999999999999)
-4.170276347452355 ([1, 1, 0, 0, 0], -5.0)
-3.7321846057489725 ([1, 0, 1, 1, 0], -5.000000000000001)
-4.940534949606413 ([0, 1, 1, 0, 1], -5.999999999999999)
-4.442539212202677 ([1, 1, 0, 0, 1], -5.000000000000002)
-5.356936851855656 ([1, 0, 1, 0, 0], -6.000000000000001)
-3.99999565322575 ([1, 0, 1, 1, 0], -4.000000000000001)
-4.062147958266908 ([0, 1, 0, 1, 0], -6.000000000000001)
-4.010136072382897 ([0, 0, 1, 0, 1], -4.999999999999999)
-5.744826444537977 ([], -6.000000000000001)
-4.8327797871478895 ([1, 1, 1, 0, 0], -6.000000000000001)
-4.502947846536971 ([1, 0, 0, 1, 0], -5.000000000000001)
-5.743909038633527 ([], -6.000000000000001)
-4.867949360554162 ([1, 1, 0, 0, 0], -5.000000000000001)
-4.286426600060258 ([1, 0, 1, 1, 0], -5.0)
-4.392236130694179 ([0, 1, 0, 1, 1], -6.0)
-5.22160527500732 ([0, 1, 1, 1, 0], -6.000000000000001)
-5.696379932931084 ([1, 0, 1, 0, 0], -6.0)
-4.924960812836294 ([], -6.0)
-4.805137660048157 ([], -6.000000000000001)
-4.846921917389208 ([], -6.0)
-3.577846784426913 ([0, 1, 0, 0, 1], -5.000000000000001)
-4.939902423857697 ([0, 1, 0, 0, 1], -6.0)
-5.580442664571639 ([], -6.000000000000002)
-4.002961579323392 ([0, 1, 0, 1, 1], -5.000000000000001)
-4.932455915893316 ([0, 1, 1, 1, 0], -6.000000000000001)
-5.108757678374573 ([1, 1, 1, 0, 0], -6.0)
-5.760174881141214 ([0, 1, 0, 1, 1], -6.000000000000001)
-3.9336802346627917 ([1, 0, 1, 0, 1], -4.999999999999999)
-4.400205782240117 ([0, 1, 1, 0, 0], -5.0)
-3.9828888056212866 ([1, 0, 1, 0, 1], -4.000000000000001)
-4.141970677924672 ([1, 1, 0, 1, 0], -5.000000000000001)
-5.728249072361694 ([1, 1, 0, 0, 1], -6.000000000000002)
-4.208319533580298 ([1, 1, 0, 1, 0], -5.000000000000001)
-4.4164592720236815 ([0, 0, 1, 1, 1], -5.000000000000002)
-4.862823465833237 ([1, 0, 0, 1, 1], -6.0)
-5.706013561733719 ([0, 0, 0, 1, 1], -6.000000000000002)
-3.5770719126135924 ([0, 1, 1, 0, 0], -5.0)
-4.021210745971432 ([0, 1, 1, 0, 0], -4.000000000000001)
-3.7386467475666527 ([1, 0, 1, 0, 1], -5.0)
-5.912489535941234 ([0, 1, 0, 1, 0], -6.000000000000001)
-4.14941201628876 ([0, 1, 0, 1, 1], -5.0)
-4.460190420319373 ([], -5.000000000000001)
-3.927343719116983 ([], -5.000000000000001)
-5.535818402979864 ([1, 1, 0, 0, 0], -6.000000000000001)
-4.471441687294951 ([0, 1, 0, 1, 1], -5.000000000000001)
-4.841184432744694 ([1, 0, 0, 1, 0], -6.000000000000001)
-5.050102934116877 ([], -6.000000000000002)
-4.85458942778024 ([0, 0, 1, 0, 1], -6.0)
-3.289400490243829 ([0, 1, 1, 1, 0], -4.000000000000001)
-3.8955037126456395 ([0, 1, 0, 1, 0], -5.000000000000001)
-5.630883143746376 ([1, 0, 1, 0, 0], -6.000000000000001)
-4.528570350668486 ([1, 1, 1, 0, 0], -6.000000000000001)
-3.6931474527028585 ([1, 0, 1, 1, 0], -4.000000000000001)
-3.9933487883733285 ([1, 1, 1, 0, 0], -4.000000000000001)
-4.654876910073063 ([1, 0, 0, 0, 1], -5.0)
-2.817397649407704 ([0, 1, 0, 0, 1], -3.0000000000000004)
-2.822288740550622 ([1, 0, 1, 0, 0], -3.0000000000000004)
-5.05755521611431 ([0, 1, 1, 0, 0], -6.0)
-5.725134251897352 ([0, 1, 1, 0, 1], -6.000000000000001)
-5.141953072262236 ([0, 1, 0, 1, 1], -6.000000000000001)
-5.6217510570411715 ([], -6.000000000000001)
-3.6715330354705595 ([0, 0, 1, 1, 1], -4.000000000000002)
-5.993335792807627 ([1, 0, 1, 0, 0], -6.000000000000001)
-3.522483448864851 ([], -4.0)
-3.3875025167955712 ([], -4.000000000000001)
-4.83578056404336 ([1, 0, 0, 1, 0], -6.000000000000001)
-4.130472562899593 ([0, 1, 0, 0, 1], -5.000000000000002)
-5.058758551656007 ([1, 1, 0, 0, 0], -6.0)
-4.841432538302014 ([0, 1, 1, 0, 0], -6.000000000000001)
-4.95076688119783 ([0, 0, 0, 1, 1], -6.000000000000001)
-4.888693055448766 ([0, 1, 0, 0, 1], -6.000000000000001)
-3.4022741178459293 ([], -4.0)
-4.841399598746145 ([1, 0, 1, 0, 1], -6.000000000000001)
-4.106717591913763 ([0, 0, 1, 1, 1], -5.000000000000001)
-3.5273067123426682 ([0, 0, 1, 0, 1], -4.000000000000001)
-3.977667489835649 ([0, 1, 1, 0, 0], -4.0)
-5.318308992379366 ([0, 0, 1, 1, 0], -6.000000000000001)
-4.9340332164059335 ([0, 1, 1, 0, 1], -5.000000000000001)
-4.4752013971543745 ([1, 0, 0, 1, 0], -5.000000000000001)
-3.635675066604468 ([0, 1, 1, 0, 1], -4.000000000000001)
-5.015160067204839 ([0, 1, 0, 1, 0], -6.000000000000001)
-5.779923191641619 ([1, 1, 0, 0, 1], -6.000000000000001)
-3.8678715894144013 ([0, 1, 1, 0, 0], -6.0)
-4.221556660990882 ([1, 1, 0, 0, 0], -5.0)
-5.608680486322477 ([], -6.000000000000001)
-3.463551692517148 ([0, 1, 1, 0, 1], -4.000000000000001)
-4.392254699730242 ([0, 1, 0, 0, 1], -5.999999999999999)
-5.301051748284406 ([1, 0, 1, 1, 0], -6.0)
-5.759891466752767 ([], -6.0)
-3.3815027406351135 ([0, 0, 1, 0, 1], -4.0)
-4.938866104413171 ([0, 1, 1, 0, 1], -6.0)
-4.2066677862116695 ([1, 1, 1, 0, 0], -4.999999999999999)
