-3.99999999999726 ([0, 1, 0, 0, 1], -5.0)
-2.999999999997939 ([0, 1, 1, 0, 0], -5.0)
-1.9999999999986289 ([1, 0, 1, 0, 0], -3.0)
-4.486840577244431 ([], -5.0)
-3.9999999999972515 ([0, 0, 1, 1, 1], -5.999999999999999)
-3.4999999999975975 ([1, 0, 1, 0, 1], -6.0)
-3.9999999999972524 ([1, 0, 0, 1, 1], -6.0)
-2.9999999999979408 ([1, 0, 0, 1, 1], -3.000000000000001)
-3.999999999997264 ([0, 0, 1, 1, 1], -5.999999999999999)
-3.9999999999972684 ([1, 1, 0, 1, 0], -6.0)
-1.9999999999985165 ([0, 1, 1, 0, 1], -3.0)
-3.9999999999972595 ([0, 0, 1, 0, 1], -6.0)
-3.499999999997607 ([0, 1, 1, 1, 0], -5.0)
-2.9999999999979363 ([1, 1, 0, 0, 0], -4.999999999999999)
-4.999999999996572 ([0, 0, 0, 1, 1], -6.000000000000001)
-3.4999999999976112 ([1, 0, 1, 1, 1], -4.000000000000001)
-3.999999999997268 ([1, 0, 0, 1, 1], -6.0)
-3.9999999999972626 ([0, 1, 0, 0, 1], -5.999999999999999)
-3.4999999999976072 ([1, 1, 0, 1, 0], -5.000000000000001)
-2.499999999998283 ([1, 0, 0, 1, 0], -3.999999999999999)
-3.499999999997592 ([], -4.999999999999999)
-4.499999999996927 ([], -6.0)
-2.49999999999829 ([1, 1, 1, 0, 1], -3.0)
-3.4999999999975975 ([0, 0, 1, 1, 1], -5.0)
-1.9999999999985163 ([1, 1, 1, 1, 0], -3.0)
-3.9999999999972635 ([1, 0, 1, 1, 0], -6.0)
-4.499999999996916 ([0, 1, 0, 1, 1], -6.0)
-3.9999999999972675 ([], -6.0)
-3.4999999999976046 ([0, 0, 1, 1, 1], -5.0)
-2.9999999999979408 ([0, 1, 1, 1, 0], -4.999999999999999)
-5.025551817554266 ([1, 0, 0, 0, 1], -6.0)
-3.499999999997606 ([1, 1, 0, 1, 0], -4.999999999999999)
-3.4999999999975944 ([0, 1, 0, 1, 1], -4.999999999999999)
-4.499999999996927 ([0, 0, 1, 1, 1], -6.0)
-1.9999999999986295 ([1, 1, 0, 0, 1], -3.0)
-3.499999999997593 ([1, 1, 0, 1, 0], -5.000000000000001)
-3.499999999997594 ([0, 1, 0, 1, 1], -4.000000000000001)
-5.64935652224417 ([1, 1, 0, 1, 0], -6.000000000000001)
-3.4999999999975966 ([0, 0, 1, 0, 1], -5.000000000000001)
-4.999999999996569 ([0, 0, 1, 1, 1], -6.0)
-3.999999999997255 ([1, 1, 0, 0, 1], -5.999999999999999)
-3.4999999999976033 ([1, 0, 1, 0, 0], -4.999999999999999)
-3.499999999997592 ([1, 0, 1, 0, 1], -5.999999999999999)
-3.4999999999975997 ([0, 0, 0, 1, 1], -6.000000000000001)
-2.9999999999979474 ([0, 1, 0, 0, 1], -5.0)
-2.999999999997932 ([0, 0, 1, 1, 1], -4.000000000000001)
-3.499999999997588 ([], -5.0)
-2.4999999999982916 ([0, 0, 0, 1, 1], -3.999999999999999)
-3.999999999997258 ([], -5.999999999999999)
-4.499999999996926 ([1, 1, 0, 0, 0], -6.000000000000001)
-2.4999999999982836 ([1, 1, 0, 1, 0], -4.0)
-2.9999999999979448 ([0, 1, 0, 1, 0], -4.000000000000001)
-3.4999999999976046 ([0, 1, 1, 0, 0], -5.0)
-4.499999999996926 ([1, 0, 0, 0, 1], -6.0)
-2.9999999999979416 ([], -4.0)
-5.149498506932604 ([0, 1, 1, 1, 0], -5.999999999999999)
-3.9999999999972595 ([0, 1, 1, 0, 1], -5.000000000000001)
-2.499999999998072 ([0, 1, 0, 0, 0], -3.0)
-3.999999999997254 ([1, 0, 0, 1, 0], -5.999999999999999)
-2.9999999999979416 ([1, 0, 0, 0, 1], -5.0)
-4.999999999996562 ([1, 0, 0, 1, 1], -6.000000000000001)
-3.4999999999975917 ([0, 1, 1, 0, 1], -5.0)
-3.499999999997604 ([0, 1, 1, 0, 0], -5.0)
-3.999999999997267 ([0, 0, 1, 1, 1], -5.000000000000001)
-2.4999999999980758 ([0, 1, 0, 0, 0], -3.000000000000001)
-2.4999999999982885 ([1, 0, 0, 1, 1], -4.0)
-3.4999999999975975 ([1, 0, 1, 0, 0], -4.999999999999999)
-4.599999503253418 ([0, 1, 0, 0, 1], -5.000000000000001)
-3.499999999997599 ([0, 1, 0, 1, 0], -5.999999999999999)
-2.9999999999979323 ([], -4.0)
-3.4999999999976006 ([0, 1, 0, 1, 0], -6.0)
-3.4999999999975984 ([0, 1, 1, 0, 1], -6.0)
-5.323930603030972 ([0, 1, 1, 0, 1], -6.0)
-2.999999999997584 ([0, 1, 0, 1, 0], -5.999999999999999)
-5.9225886335710145 ([], -6.0)
-3.999999999997259 ([0, 0, 1, 0, 1], -6.0)
-3.9999999999972644 ([0, 0, 1, 1, 0], -6.0)
-4.499999999996919 ([0, 0, 1, 0, 1], -6.0)
-2.999999999997936 ([1, 1, 0, 0, 1], -4.000000000000001)
-2.9999999999979394 ([1, 1, 0, 0, 1], -5.0)
-4.499999999996916 ([0, 0, 0, 1, 1], -6.0)
-3.9999999999972626 ([0, 1, 0, 1, 0], -6.0)
-3.499999999997591 ([0, 0, 1, 1, 1], -5.0)
-3.4999999999975864 ([0, 1, 0, 1, 0], -6.0)
-2.9999999999979474 ([1, 0, 1, 0, 0], -4.999999999999999)
-3.9999999999972666 ([1, 0, 0, 1, 1], -5.000000000000001)
-4.499999999996927 ([1, 1, 0, 1, 0], -6.0)
-3.9999999999972795 ([], -5.000000000000001)
-2.4999999999982907 ([1, 1, 0, 0, 0], -4.0)
-3.4999999999975957 ([], -5.0)
-2.499999999998075 ([0, 1, 0, 1, 0], -3.0)
-2.999999999997944 ([1, 0, 0, 0, 1], -4.0)
-4.499999999996918 ([1, 0, 0, 1, 0], -6.000000000000001)
-3.4999999999976024 ([1, 1, 0, 0, 0], -5.000000000000001)
-2.9999999999979385 ([0, 0, 1, 1, 0], -4.000000000000001)
-2.4999999999980687 ([1, 0, 0, 1, 0], -3.0)
-5.100375850622188 ([1, 1, 1, 0, 0], -6.000000000000001)
-1.4999999999988864 ([0, 1, 0, 0, 1], -3.0)
-2.999999999997936 ([0, 1, 0, 1, 1], -5.000000000000001)
-4.499999999996915 ([1, 0, 0, 1, 0], -5.0)
-3.15119508708393 ([1, 0, 0, 1, 0], -3.9999999999999996)
-3.4999999999976046 ([0, 1, 1, 0, 1], -5.0)
-2.999999999997944 ([0, 0, 0, 1, 1], -5.0)
-3.99999999999727 ([1, 0, 0, 0, 1], -6.000000000000001)
-3.999999999997257 ([0, 0, 1, 1, 1], -5.0)
-3.9999999999972693 ([], -5.000000000000001)
-3.9999999999972693 ([0, 0, 1, 1, 1], -5.999999999999999)
-3.999999999997273 ([], -6.000000000000001)
-2.9999999999979425 ([0, 1, 0, 1, 0], -3.9999999999999996)
-2.4999999999980727 ([], -4.999999999999999)
-3.9999999999972613 ([0, 0, 1, 1, 1], -5.0)
-3.4999999999975864 ([1, 1, 0, 0, 1], -5.0)
-3.999999999997273 ([0, 1, 0, 0, 1], -6.0)
-2.499999999998279 ([], -4.0)
-4.980878871253852 ([], -6.0)
-2.999999999997943 ([1, 1, 0, 1, 0], -4.999999999999999)
-4.49999999999694 ([0, 1, 1, 1, 0], -6.000000000000001)
-3.4999999999975984 ([1, 1, 1, 0, 0], -6.000000000000001)
-3.4999999999976015 ([1, 1, 1, 0, 0], -5.000000000000001)
-4.499999999996931 ([1, 1, 0, 0, 1], -6.0)
-3.9999999999972595 ([], -6.000000000000001)
-3.4999999999975917 ([1, 1, 0, 1, 0], -5.0)
-3.4999999999975975 ([0, 1, 0, 1, 0], -4.0)
-3.9999999999972644 ([1, 0, 1, 0, 1], -6.0)
-4.499999999996937 ([0, 0, 1, 1, 1], -5.999999999999999)
-3.9999999999972737 ([0, 1, 0, 1, 1], -5.000000000000001)
-5.662851858724044 ([0, 1, 1, 0, 1], -6.000000000000001)
-3.9999999999972693 ([1, 0, 1, 1, 0], -4.999999999999999)
-2.9999999999979425 ([1, 1, 1, 1, 0], -4.0)
-3.9999999999972617 ([1, 0, 1, 1, 0], -5.999999999999999)
-4.499999999996915 ([0, 1, 0, 1, 1], -6.0)
-2.4999999999980758 ([0, 1, 0, 1, 1], -4.999999999999999)
-3.9999999999972653 ([], -5.000000000000001)
-3.9999999999972515 ([1, 0, 0, 1, 1], -5.000000000000001)
-3.999999999997267 ([0, 0, 1, 1, 1], -5.0)
-2.999999999997945 ([0, 0, 1, 1, 1], -4.0)
-3.4999999999976112 ([], -4.999999999999999)
-2.999999999997944 ([0, 1, 1, 1, 0], -4.000000000000001)
-3.4999999999976024 ([1, 1, 0, 1, 0], -4.999999999999999)
-4.499999999996919 ([1, 1, 0, 0, 0], -6.0)
-2.9999999999979408 ([0, 0, 1, 0, 1], -5.0)
-4.141930911098129 ([1, 0, 0, 1, 1], -5.000000000000002)
-3.9999999999972573 ([0, 1, 1, 1, 0], -6.0)
-4.499999999996931 ([1, 1, 0, 0, 0], -6.0)
-2.999999999997943 ([0, 1, 1, 0, 0], -4.999999999999999)
-2.9999999999979403 ([], -4.0)
-2.9999999999979376 ([1, 0, 1, 0, 1], -4.999999999999999)
-4.499999999996918 ([1, 0, 1, 0, 1], -6.0)
-3.4999999999975993 ([], -5.0)
-2.499999999998073 ([1, 0, 1, 0, 1], -3.0000000000000004)
-2.9999999999979403 ([], -5.0)
-4.49999999999693 ([0, 0, 1, 1, 0], -6.000000000000001)
-3.4999999999975904 ([], -5.0)
-3.499999999997594 ([0, 1, 1, 0, 0], -5.0)
-3.4999999999975886 ([], -4.0)
-3.9999999999972733 ([0, 0, 1, 1, 0], -5.000000000000001)
-2.999999999997938 ([1, 1, 1, 0, 0], -4.0)
-2.499999999998074 ([], -4.999999999999999)
-4.4999999999969305 ([0, 1, 0, 1, 1], -5.999999999999999)
-3.4999999999975833 ([0, 0, 1, 1, 1], -5.0)
-2.4999999999982863 ([0, 1, 0, 1, 0], -4.000000000000001)
-2.999999999997941 ([0, 1, 0, 0, 1], -4.0)
-2.9999999999979408 ([0, 0, 1, 1, 0], -5.000000000000001)
-1.4999999999988862 ([1, 0, 1, 1, 0], -2.9999999999999996)
-1.4999999999988842 ([0, 1, 1, 0, 0], -3.0)
-3.9999999999972657 ([1, 1, 0, 0, 0], -5.0)
-4.499999999996912 ([0, 1, 1, 0, 1], -6.0)
-4.499999999996932 ([1, 1, 1, 0, 0], -6.0)
-4.53398838445547 ([1, 0, 0, 1, 0], -6.000000000000002)
-2.9999999999979363 ([1, 0, 0, 1, 0], -4.0)
-4.999999999996574 ([0, 1, 1, 0, 1], -6.000000000000001)
-1.999999999998521 ([0, 1, 1, 1, 0], -4.0)
-1.999999999998516 ([0, 1, 0, 1, 1], -4.0)
-4.170393405761745 ([1, 1, 0, 1, 0], -4.999999999999999)
-2.9999999999979483 ([0, 1, 0, 0, 1], -5.0)
-3.9999999999972524 ([], -6.0)
-3.499999999997589 ([0, 1, 1, 0, 0], -6.0)
-3.999999999997255 ([0, 1, 1, 0, 0], -5.0)
-3.4999999999975935 ([0, 1, 0, 0, 1], -6.0)
-2.4999999999982907 ([1, 0, 0, 1, 1], -4.000000000000001)
-3.499999999997603 ([0, 1, 0, 1, 0], -6.0)
-2.999999999997938 ([0, 1, 0, 1, 1], -4.000000000000001)
-1.9999999999985196 ([], -4.0)
-2.999999999997942 ([1, 0, 0, 1, 1], -4.000000000000001)
-3.999999999997263 ([1, 1, 0, 0, 1], -6.0)
-5.067345327122176 ([1, 1, 0, 0, 0], -6.0)
-3.499999999997596 ([1, 1, 0, 1, 0], -5.000000000000001)
-2.4999999999982845 ([], -3.0)
-4.170393405772549 ([0, 1, 0, 1, 0], -6.000000000000001)
-4.499999999996916 ([0, 0, 1, 1, 1], -6.0)
-3.9999999999972693 ([], -5.000000000000001)
-3.499999999997604 ([], -4.999999999999999)
-3.9999999999972617 ([1, 1, 0, 0, 1], -5.999999999999999)
-2.999999999997942 ([], -3.9999999999999996)
-3.4999999999975886 ([1, 0, 1, 1, 0], -5.999999999999999)
-3.999999999997261 ([0, 1, 0, 0, 1], -6.0)
-4.49999999999692 ([0, 1, 0, 1, 1], -6.0)
-3.2371089262473074 ([1, 1, 0, 1, 0], -4.0)
-3.9999999999972666 ([1, 0, 0, 1, 0], -6.000000000000001)
-3.4999999999976135 ([], -4.999999999999999)