,opt_param,final_state,cost,mean_cost,n_iteration
0,[0.4 1. ],"[1, 0, 1, 0, 1, 1, 0, 1, 0, 0, 0]",-27.0,-19.290327463143413,9
1,[0.4 1. ],"[1, 1, 0, 1, 1, 0, 0, 1, 1, 0, 0]",-25.0,-19.29075786251153,9
2,[-0.4541007  -0.53159669],"[1, 1, 1, 1, 0, 0, 1, 1, 0, 1, 0]",-26.0,-19.750589377003674,14
3,[-0.47836693  0.04376603],"[0, 1, 1, 0, 1, 0, 0, 1, 1, 0, 1]",-26.0,-20.00754036331738,11
4,[-0.36486399 -0.35029031],"[1, 0, 1, 1, 0, 0, 0, 0, 1, 1, 1]",-26.0,-22.11517790662672,12
5,[0.2 1. ],"[1, 0, 0, 1, 0, 1, 0, 1, 1, 1, 0]",-26.0,-20.49739812485942,8
6,[0.4 1. ],"[1, 0, 0, 0, 1, 0, 1, 0, 1, 1, 1]",-22.0,-18.074680647574105,9
7,[-0.13427925 -0.41505992],"[0, 1, 1, 0, 1, 1, 0, 0, 1, 0, 1]",-29.0,-25.34388904424426,12
8,[0.4 1. ],"[0, 0, 0, 0, 0, 1, 0, 1, 1, 1, 1]",-25.0,-18.655941145206526,9
9,[-0.33755598 -0.34344126],"[0, 0, 1, 1, 0, 0, 1, 1, 1, 1, 0]",-27.0,-24.008892846884642,12
10,[-0.34045249 -0.34147425],"[1, 1, 0, 1, 1, 1, 0, 0, 0, 1, 0]",-27.0,-22.923122624106636,12
11,[-0.36419638 -0.35138101],"[1, 0, 0, 0, 1, 1, 0, 0, 1, 1, 1]",-26.0,-22.14833770215502,12
12,[0.4 1. ],"[1, 0, 0, 1, 1, 1, 0, 0, 1, 1, 0]",-24.0,-18.490394373064383,9
13,[0.4 1. ],"[0, 0, 1, 0, 0, 0, 1, 0, 1, 1, 1]",-25.0,-19.384719257591275,9
14,[0.4 1. ],"[0, 1, 0, 1, 0, 0, 1, 1, 0, 1, 0]",-25.0,-19.319971159507027,9
15,[-0.33924578 -0.36253133],"[1, 0, 1, 1, 0, 0, 1, 0, 1, 0, 1]",-26.0,-23.108501001315833,12
16,[-0.0771809  -0.51602904],"[1, 0, 1, 0, 1, 1, 1, 1, 0, 0, 0]",-26.0,-22.088778492176864,14
17,[-0.33854774 -0.34882196],"[0, 0, 1, 1, 0, 1, 0, 0, 1, 1, 1]",-25.0,-22.98624889557216,12
18,[ 0.05215544 -0.19985977],"[1, 0, 1, 0, 1, 1, 0, 1, 0, 1, 1]",-25.0,-20.693180202230753,13
19,[0.2 1. ],"[1, 1, 1, 1, 0, 0, 1, 0, 1, 0, 0]",-26.0,-20.543237596296198,8
20,[-0.3646682  -0.35753802],"[0, 0, 1, 0, 1, 1, 0, 1, 0, 0, 1]",-24.0,-21.203038871129944,12
21,[0.4 1. ],"[0, 0, 1, 0, 1, 1, 1, 0, 1, 1, 0]",-25.0,-19.27250914489351,9
22,[0.4 1. ],"[0, 1, 0, 0, 1, 1, 1, 1, 0, 0, 0]",-26.0,-19.305729273526296,9
23,[0.4 1. ],"[0, 0, 0, 1, 0, 0, 1, 1, 0, 1, 1]",-24.0,-19.271274195667203,9
24,[0.4 1. ],"[1, 0, 1, 0, 1, 0, 1, 1, 1, 0, 0]",-22.0,-18.27602078943965,9
25,[0.4 1. ],"[1, 1, 0, 0, 0, 1, 0, 1, 0, 0, 1]",-23.0,-19.358126493000615,9
26,[0.39657535 0.34862851],"[0, 0, 1, 0, 1, 0, 0, 1, 1, 0, 1]",-25.0,-19.384640802827672,13
27,[-0.05678782 -0.38665163],"[1, 0, 0, 1, 1, 0, 0, 0, 0, 1, 1]",-26.0,-22.485958794898004,14
28,[0.4 1. ],"[1, 0, 0, 1, 1, 0, 0, 1, 0, 1, 0]",-22.0,-17.576850163595683,9
29,[-0.47915478  0.04636948],"[1, 1, 1, 1, 0, 1, 0, 1, 0, 0, 0]",-26.0,-19.93965096830824,11
30,[0.10894539 0.91620173],"[0, 1, 0, 1, 1, 1, 0, 0, 1, 0, 1]",-24.0,-17.418903646330758,10
31,[-0.08069478 -0.36021411],"[0, 1, 1, 0, 1, 0, 0, 1, 0, 0, 1]",-25.0,-22.850890903366196,14
32,[-0.09815765  0.92136316],"[1, 0, 0, 0, 1, 1, 0, 1, 1, 0, 1]",-23.0,-17.608354750194028,13
33,[-0.22396327 -0.35162594],"[1, 0, 1, 1, 0, 1, 1, 0, 0, 0, 0]",-24.0,-19.098742464516803,11
34,[0.4 1. ],"[1, 0, 0, 0, 0, 0, 1, 1, 1, 1, 0]",-23.0,-18.426090883303168,9
35,[-0.07205383 -0.37712077],"[0, 1, 1, 1, 1, 0, 0, 1, 0, 0, 0]",-29.0,-22.72472861170779,14
36,[0.4 1. ],"[1, 0, 0, 1, 1, 0, 0, 0, 1, 0, 1]",-26.0,-20.216857301736997,9
37,[-0.10037189 -0.26897331],"[0, 1, 0, 1, 1, 1, 1, 1, 0, 0, 0]",-26.0,-23.53046720663293,11
38,[-0.10327479 -0.30601162],"[1, 1, 0, 0, 1, 0, 1, 0, 1, 0, 1]",-26.0,-22.07013477876005,11
39,[-0.10272243 -0.30151017],"[1, 0, 0, 1, 1, 0, 0, 1, 1, 0, 1]",-28.0,-23.11984406382227,11
40,[0.4 1. ],"[1, 0, 0, 1, 1, 0, 1, 0, 0, 0, 1]",-24.0,-18.436313381409644,9
41,[-1.43040713  0.31484051],"[0, 0, 1, 0, 0, 1, 1, 0, 0, 1, 0]",-21.0,-16.747254894150785,15
42,[0.11530584 0.89074468],"[1, 0, 1, 0, 1, 1, 0, 0, 1, 0, 1]",-21.0,-17.496592252385277,10
43,[-0.06783243 -0.38253427],"[0, 1, 1, 1, 0, 0, 1, 0, 1, 1, 0]",-26.0,-22.66047429794135,14
44,[0.4 1.1],"[1, 0, 1, 0, 1, 0, 0, 1, 1, 1, 0]",-23.0,-17.050010270913162,9
45,[-0.41345651 -0.52309922],"[1, 0, 0, 0, 1, 0, 0, 1, 1, 1, 1]",-24.0,-19.983061828802494,14
46,[0.4 1. ],"[1, 0, 1, 1, 1, 0, 0, 1, 0, 0, 0]",-25.0,-19.243554164608454,9
47,[-0.11640898  0.85556541],"[0, 1, 1, 0, 0, 1, 1, 1, 0, 0, 0]",-19.0,-16.255910061744192,13
48,[0.4 1. ],"[1, 0, 0, 0, 1, 1, 0, 1, 0, 0, 1]",-26.0,-19.29428195162198,9
49,[0.4 1. ],"[0, 1, 0, 0, 0, 0, 1, 1, 1, 1, 0]",-22.0,-17.502837906377806,9
50,[0.4 1. ],"[1, 0, 0, 0, 1, 1, 1, 0, 0, 0, 1]",-28.0,-18.07612053408619,9
51,[0.4 1. ],"[1, 0, 0, 1, 1, 0, 1, 0, 0, 0, 1]",-25.0,-19.37563521826917,9
52,[0.4 1. ],"[0, 0, 1, 0, 0, 0, 1, 1, 1, 0, 1]",-24.0,-18.517324575447706,9
53,[0.4 1. ],"[1, 0, 1, 1, 0, 0, 1, 1, 0, 1, 1]",-24.0,-18.60607848779274,9
54,[0.4 1. ],"[0, 0, 1, 1, 0, 1, 1, 0, 0, 1, 0]",-25.0,-19.198854142132635,9
55,[0.4 1. ],"[1, 1, 1, 0, 1, 0, 1, 0, 0, 1, 0]",-25.0,-18.533270793567397,9
56,[0.4 1. ],"[1, 1, 1, 0, 1, 0, 0, 0, 0, 1, 0]",-23.0,-18.036537883726265,9
57,[0.2 1. ],"[1, 0, 1, 1, 0, 1, 1, 0, 0, 0, 1]",-26.0,-20.540765756440813,8
58,[0.38237736 0.31443584],"[0, 1, 1, 0, 0, 0, 0, 1, 1, 0, 1]",-24.0,-20.00424254638895,14
59,[0.4 1. ],"[0, 0, 1, 1, 1, 1, 0, 0, 1, 1, 0]",-26.0,-19.418003479815702,9
60,[0.4 1. ],"[0, 1, 1, 0, 1, 0, 1, 1, 0, 0, 0]",-26.0,-19.373902374908322,9
61,[0.31083638 0.46647912],"[0, 1, 1, 0, 0, 0, 1, 1, 1, 0, 0]",-26.0,-22.376940133194992,10
62,[0.4 1. ],"[1, 1, 0, 0, 0, 0, 1, 0, 0, 1, 1]",-23.0,-18.41199362407486,9
63,[0.4 1. ],"[1, 0, 1, 0, 0, 0, 1, 1, 1, 0, 1]",-26.0,-18.532692213422905,9
64,[-0.36155369 -0.35104269],"[0, 1, 0, 0, 0, 1, 1, 1, 1, 1, 0]",-24.0,-21.20587159855125,12
65,[-0.17006353 -0.43969502],"[1, 0, 1, 1, 0, 1, 1, 0, 0, 0, 0]",-27.0,-23.97686627814678,13
66,[0.2 1. ],"[0, 0, 1, 0, 0, 1, 1, 1, 1, 1, 0]",-25.0,-20.439348101646573,8
67,[-0.47433714 -0.5176012 ],"[0, 1, 1, 1, 1, 0, 1, 0, 0, 1, 1]",-22.0,-19.55313826815952,14
68,[-0.11540922  0.83435064],"[1, 0, 1, 1, 0, 1, 1, 0, 0, 0, 0]",-20.0,-16.18830044143219,13
69,[-0.44674155 -0.53142079],"[0, 1, 0, 0, 0, 0, 0, 1, 1, 1, 1]",-25.0,-19.810065365433733,14
70,[0.4 1. ],"[0, 1, 0, 0, 0, 0, 1, 1, 0, 1, 1]",-25.0,-18.445870475727354,9
71,[0.11621043 0.88770664],"[1, 1, 1, 1, 1, 0, 0, 0, 0, 1, 0]",-19.0,-15.614606862024356,10
72,[0.4 1. ],"[0, 1, 0, 0, 1, 1, 0, 1, 1, 0, 0]",-25.0,-18.5132630379115,9
73,[-0.47166322 -0.52076541],"[0, 1, 1, 0, 1, 0, 1, 0, 1, 1, 0]",-26.0,-19.552593235620858,14
74,[-0.0859507  -0.36522156],"[0, 0, 1, 1, 0, 1, 1, 0, 0, 0, 1]",-27.0,-22.929216162988514,14
75,[0.4 1. ],"[1, 1, 0, 0, 0, 0, 1, 1, 0, 1, 0]",-23.0,-18.367699868059148,9
76,[-0.34460671 -0.33558181],"[1, 1, 0, 1, 0, 1, 1, 0, 0, 0, 1]",-27.0,-22.870508065125907,12
77,[-0.18467775 -0.57943033],"[0, 1, 1, 0, 1, 0, 1, 1, 1, 0, 0]",-25.0,-20.716082149878076,14
78,[-0.69980711 -0.00293489],"[1, 1, 0, 0, 1, 1, 0, 1, 0, 0, 0]",-26.0,-21.52015430438036,10
79,[-0.15900332 -0.43021817],"[1, 1, 0, 1, 0, 0, 1, 1, 0, 0, 0]",-28.0,-24.47167339479174,13
80,[0.4 1. ],"[1, 0, 1, 1, 0, 1, 0, 0, 1, 1, 0]",-27.0,-19.086046539687413,9
81,[-0.10313464 -0.3051196 ],"[0, 0, 1, 0, 1, 1, 0, 0, 0, 1, 0]",-25.0,-22.07188843678646,11
82,[-0.36125976 -0.34225181],"[1, 0, 0, 1, 0, 1, 1, 0, 1, 0, 1]",-26.0,-22.18514280834575,12
83,[-0.36477428 -0.35033563],"[1, 0, 0, 0, 1, 1, 1, 1, 1, 0, 0]",-25.0,-22.062561719640648,12
84,[0.2 1. ],"[0, 0, 1, 0, 1, 1, 0, 0, 1, 1, 0]",-24.0,-19.55647812613818,8
85,[0.4 1. ],"[1, 0, 0, 0, 1, 0, 0, 1, 0, 1, 1]",-25.0,-19.1981944030647,9
86,[0.2 1. ],"[0, 0, 1, 1, 0, 1, 0, 0, 1, 0, 1]",-25.0,-20.54447035382143,8
87,[0.4 1. ],"[0, 1, 1, 0, 1, 1, 1, 0, 0, 1, 0]",-25.0,-18.09296492952753,9
88,[0.4 1. ],"[0, 1, 1, 0, 0, 1, 0, 1, 0, 1, 1]",-23.0,-17.938124862553707,9
89,[-0.46183875 -0.53021014],"[0, 1, 0, 1, 1, 1, 1, 0, 0, 1, 0]",-27.0,-20.883415453008183,12
90,[0.4 1. ],"[0, 1, 1, 0, 0, 1, 0, 0, 1, 1, 0]",-24.0,-18.454401438118268,9
91,[0.4 1. ],"[0, 0, 1, 1, 0, 1, 0, 1, 0, 1, 1]",-22.0,-18.45318953522854,9
92,[0.11656421 0.88635331],"[0, 0, 1, 0, 1, 0, 1, 1, 0, 1, 0]",-23.0,-17.507352317393146,10
93,[-0.3633574  -0.34256929],"[1, 1, 1, 1, 0, 0, 0, 0, 1, 1, 0]",-27.0,-22.54962616248306,12
94,[0.39625717 0.43851136],"[1, 0, 0, 1, 1, 0, 1, 0, 0, 0, 0]",-22.0,-19.42173593055558,12
95,[-0.33732411 -0.34740713],"[0, 1, 1, 1, 0, 0, 0, 0, 0, 1, 1]",-26.0,-22.97818611373157,12
96,[0.4 1. ],"[0, 1, 1, 1, 1, 1, 1, 0, 0, 0, 0]",-23.0,-18.048746524768386,9
97,[0.4 1. ],"[0, 1, 1, 1, 1, 1, 0, 0, 0, 0, 0]",-24.0,-18.363189955715303,9
98,[-0.10549421 -0.3202574 ],"[0, 1, 0, 0, 1, 1, 1, 1, 0, 1, 0]",-25.0,-21.59344736678704,11
99,[0.39609023 0.43935252],"[1, 1, 1, 0, 0, 1, 0, 0, 0, 0, 0]",-23.0,-19.579107421611887,12
