,opt_param,final_state,cost,mean_cost,n_iteration
0,[-0.44928519  0.04244125],"[0, 0, 1, 0, 1, 0, 0, 1, 0, 1, 0, 1]",-28.0,-22.405537791162775,11
1,[-0.31843533 -0.58938892],"[1, 1, 1, 1, 0, 0, 0, 0, 1, 0, 0, 1]",-31.0,-26.476811593420376,12
2,[0.2 1. ],"[1, 1, 0, 0, 0, 1, 1, 1, 1, 1, 0, 0]",-31.0,-25.833261354429276,8
3,[-0.53349158 -0.43787774],"[0, 0, 1, 1, 0, 0, 1, 1, 1, 0, 1, 0]",-30.0,-22.814001611705592,13
4,[-0.13590436 -0.41422821],"[0, 1, 0, 0, 1, 0, 0, 0, 1, 1, 1, 1]",-32.0,-28.56025978974618,12
5,[0.4 1. ],"[0, 1, 1, 0, 1, 0, 1, 1, 0, 0, 1, 0]",-28.0,-22.765336743850202,9
6,[0.2 1. ],"[0, 0, 1, 1, 1, 1, 0, 1, 1, 0, 0, 0]",-29.0,-23.029430307349962,8
7,[0.2 1. ],"[1, 0, 1, 1, 0, 0, 1, 1, 1, 1, 0, 0]",-30.0,-24.015851192292168,8
8,[0.4 1. ],"[1, 1, 0, 0, 0, 1, 1, 0, 1, 1, 0, 0]",-27.0,-21.392098155154343,9
9,[0.2 1. ],"[0, 1, 0, 0, 1, 1, 0, 1, 0, 1, 1, 0]",-33.0,-26.740822171576784,8
10,[-0.45023116  0.04341307],"[0, 0, 0, 0, 0, 1, 0, 1, 0, 1, 1, 0]",-28.0,-22.374802439673438,11
11,[-0.17228427 -0.26530385],"[0, 0, 0, 0, 1, 0, 1, 1, 1, 1, 0, 1]",-26.0,-23.37451626812105,12
12,[0.2 1. ],"[1, 1, 1, 0, 1, 1, 0, 0, 0, 0, 1, 0]",-28.0,-23.98874281641294,8
13,[-0.17047083 -0.27002363],"[1, 1, 1, 1, 1, 1, 0, 0, 0, 0, 0, 0]",-26.0,-23.369817313781937,12
14,[0.2 1. ],"[0, 1, 0, 0, 1, 0, 1, 1, 0, 0, 1, 1]",-31.0,-24.90825440647307,8
15,[0.2 1. ],"[0, 1, 0, 1, 1, 1, 1, 0, 1, 0, 0, 0]",-31.0,-24.981054300085194,8
16,[-0.17195239 -0.27787554],"[1, 0, 1, 0, 0, 0, 1, 1, 0, 1, 1, 0]",-29.0,-23.42080780938734,12
17,[-0.21188877 -0.7418189 ],"[1, 1, 1, 0, 0, 0, 0, 1, 0, 0, 0, 1]",-30.0,-26.057398761867994,12
18,[-0.42766425  0.03811472],"[1, 1, 0, 1, 0, 0, 1, 0, 1, 0, 0, 0]",-26.0,-22.518281725537708,11
19,[0.2 1. ],"[0, 0, 1, 1, 1, 0, 1, 0, 0, 1, 0, 1]",-30.0,-23.99814575989673,8
20,[0.4 1. ],"[1, 1, 1, 0, 1, 0, 1, 0, 1, 0, 1, 0]",-28.0,-21.41838195276393,9
21,[-0.05337238 -0.39308871],"[1, 0, 1, 1, 1, 1, 0, 0, 0, 0, 0, 1]",-30.0,-25.526747318170752,14
22,[-0.09067344  0.94526703],"[1, 0, 0, 1, 1, 1, 0, 1, 0, 1, 0, 0]",-26.0,-20.197053176918303,13
23,[0.2 1. ],"[1, 1, 0, 1, 0, 0, 1, 1, 0, 1, 0, 1]",-30.0,-24.98093332959231,8
24,[0.2 1. ],"[1, 0, 1, 0, 0, 1, 0, 1, 1, 0, 0, 1]",-31.0,-25.73968632208239,8
25,[0.29629278 0.47529319],"[0, 1, 1, 1, 0, 0, 0, 1, 0, 0, 0, 0]",-27.0,-23.485673869577155,10
26,[0.2 1. ],"[1, 0, 0, 0, 0, 1, 1, 0, 1, 1, 1, 0]",-29.0,-23.987571043354613,8
27,[-0.57320729  0.17881846],"[1, 0, 1, 0, 1, 0, 0, 1, 0, 1, 0, 0]",-29.0,-21.075498080169428,11
28,[-0.37914275 -0.46730145],"[1, 0, 0, 0, 1, 1, 0, 1, 0, 0, 1, 0]",-32.0,-26.599889492928995,13
29,[0.2 1. ],"[0, 1, 1, 1, 1, 0, 0, 0, 0, 1, 0, 0]",-32.0,-25.846059221236516,8
30,[-0.10181256 -0.29169345],"[0, 1, 1, 0, 0, 0, 1, 1, 0, 0, 1, 1]",-29.0,-26.272272058964415,11
31,[0.2 1.1],"[1, 0, 1, 1, 0, 1, 0, 0, 0, 1, 1, 1]",-30.0,-23.025635140020817,8
32,[0.2 1. ],"[0, 1, 1, 1, 1, 0, 0, 0, 1, 0, 0, 1]",-29.0,-24.037181248183053,8
33,[0.4 1. ],"[1, 0, 1, 0, 0, 1, 0, 1, 1, 1, 0, 0]",-29.0,-23.206033938516725,9
34,[0.2 1. ],"[0, 0, 0, 0, 0, 1, 0, 1, 1, 1, 0, 1]",-33.0,-25.885508777159906,8
35,[0.4 1. ],"[1, 0, 0, 0, 1, 1, 1, 0, 0, 1, 0, 0]",-25.0,-20.554550699666667,9
36,[-0.40449238 -0.2911033 ],"[1, 0, 0, 0, 1, 0, 1, 0, 1, 0, 0, 1]",-31.0,-26.020395312850876,13
37,[-0.44697674  0.04049792],"[1, 0, 1, 1, 1, 0, 0, 0, 1, 0, 0, 1]",-30.0,-22.459452773976977,11
38,[0.4 1. ],"[0, 0, 1, 0, 0, 1, 1, 1, 1, 1, 0, 0]",-27.0,-22.353101600362013,9
39,[-0.16879402 -0.23877918],"[0, 1, 0, 1, 0, 1, 1, 1, 0, 0, 0, 1]",-29.0,-24.29222551644817,12
40,[0.4 1. ],"[1, 1, 1, 0, 1, 0, 0, 1, 0, 1, 1, 0]",-27.0,-21.457981248274166,9
41,[0.2 1. ],"[1, 0, 0, 0, 1, 1, 0, 1, 1, 0, 1, 0]",-29.0,-24.01296350371751,8
42,[-0.11365582 -0.39524175],"[1, 0, 1, 0, 0, 1, 1, 1, 0, 1, 0, 0]",-33.0,-29.398374117237225,12
43,[-0.44763052 -0.5068994 ],"[0, 1, 1, 1, 1, 0, 1, 0, 0, 0, 0, 0]",-28.0,-22.8650623750705,14
44,[0.2 1. ],"[1, 0, 1, 1, 0, 1, 0, 1, 0, 1, 0, 0]",-29.0,-24.01935632715074,8
45,[0.4 1. ],"[1, 1, 0, 1, 1, 0, 0, 1, 1, 0, 0, 0]",-30.0,-22.712600380846794,9
46,[0.2 1. ],"[1, 0, 0, 1, 1, 1, 1, 0, 0, 1, 1, 0]",-29.0,-24.019696422202923,8
47,[0.4 1. ],"[0, 0, 0, 1, 1, 0, 1, 1, 1, 1, 0, 0]",-27.0,-22.38635833084278,9
48,[-0.41726072 -0.51883994],"[0, 0, 1, 1, 0, 0, 1, 0, 1, 0, 1, 1]",-28.0,-23.159745319000894,14
49,[-0.42678999 -0.51562178],"[0, 0, 1, 0, 1, 0, 1, 0, 1, 0, 1, 0]",-30.0,-23.068027385586486,14
50,[-0.16796441 -0.2627628 ],"[1, 0, 0, 1, 1, 0, 1, 0, 0, 0, 1, 0]",-29.0,-24.405572729608178,12
51,[0.4 1. ],"[1, 0, 0, 1, 1, 1, 1, 1, 0, 0, 0, 0]",-29.0,-22.2476380626161,9
52,[0.2 1. ],"[1, 0, 0, 1, 1, 1, 1, 0, 0, 1, 0, 0]",-31.0,-24.965339626457823,8
53,[0.4 1. ],"[0, 0, 1, 1, 1, 0, 1, 0, 0, 1, 0, 1]",-30.0,-22.286063314327997,9
54,[-0.10262401 -0.29927069],"[0, 0, 1, 1, 1, 1, 0, 1, 0, 1, 0, 1]",-30.0,-26.303010957965647,11
55,[0.4 1.1],"[1, 0, 0, 1, 1, 0, 0, 0, 1, 0, 1, 1]",-27.0,-20.491216281996635,9
56,[-0.10325767 -0.30378449],"[0, 1, 1, 1, 0, 1, 1, 1, 0, 0, 0, 0]",-28.0,-25.257624376831348,11
57,[0.2 1. ],"[1, 1, 1, 0, 0, 1, 1, 0, 1, 0, 0, 0]",-30.0,-24.892434252907417,8
58,[0.4 1. ],"[0, 1, 0, 0, 0, 1, 0, 1, 1, 1, 0, 1]",-28.0,-21.3966830218541,9
59,[0.2 1.1],"[0, 0, 1, 0, 1, 1, 1, 0, 0, 1, 0, 1]",-29.0,-23.021411048426547,8
60,[0.4 1. ],"[1, 1, 0, 0, 1, 0, 1, 0, 0, 0, 1, 1]",-26.0,-19.683274504419572,9
61,[-0.36555448 -0.64839194],"[0, 0, 1, 1, 0, 1, 1, 0, 0, 1, 1, 1]",-25.0,-20.852305918757608,14
62,[0.4 1. ],"[0, 1, 0, 0, 0, 1, 1, 0, 1, 1, 1, 1]",-28.0,-22.668401626350175,9
63,[0.2 1. ],"[1, 1, 0, 1, 0, 1, 0, 0, 0, 1, 0, 0]",-30.0,-24.0370513383148,8
64,[0.2 1. ],"[0, 0, 1, 1, 0, 1, 1, 1, 0, 0, 0, 0]",-31.0,-24.899039337430477,8
65,[0.4 1.1],"[1, 0, 0, 0, 0, 0, 1, 0, 1, 1, 1, 0]",-27.0,-21.949805772981744,9
66,[0.2 1. ],"[1, 1, 1, 1, 0, 1, 0, 0, 1, 0, 0, 1]",-29.0,-24.03045812794174,8
67,[-0.14527811 -0.42146866],"[0, 0, 0, 1, 0, 0, 1, 1, 1, 1, 1, 0]",-31.0,-28.62440908941627,13
68,[0.2 1.1],"[1, 0, 1, 0, 1, 0, 0, 1, 1, 0, 0, 1]",-29.0,-22.985979029331695,8
69,[-0.44248788 -0.51316435],"[1, 0, 0, 0, 1, 0, 0, 0, 1, 1, 1, 1]",-28.0,-22.942976413821484,14
70,[0.4 1.1],"[0, 0, 1, 1, 1, 1, 0, 0, 1, 0, 1, 0]",-26.0,-20.515677753373364,9
71,[-0.1855739  -0.43969246],"[0, 1, 0, 0, 0, 1, 0, 1, 1, 0, 1, 1]",-31.0,-27.794472003893247,14
72,[-0.44567527  0.04253826],"[0, 1, 0, 1, 0, 0, 0, 1, 1, 1, 1, 0]",-28.0,-22.40263494538691,11
73,[-0.16771455 -0.24574823],"[0, 0, 0, 0, 1, 1, 1, 0, 0, 1, 1, 1]",-26.0,-23.220750100776012,12
74,[0.2 1.1],"[1, 0, 1, 1, 1, 0, 0, 1, 0, 0, 1, 0]",-29.0,-23.024593476339117,8
75,[0.2 1. ],"[0, 0, 0, 1, 0, 0, 1, 1, 0, 0, 1, 1]",-31.0,-24.92468077708526,8
76,[0.2 1. ],"[1, 1, 0, 0, 1, 0, 1, 0, 1, 1, 0, 0]",-30.0,-23.99749526490593,8
77,[-0.14268789 -0.41967981],"[0, 1, 0, 1, 1, 0, 0, 1, 1, 1, 0, 0]",-30.0,-27.56169089088682,13
78,[-0.43444618  0.04107193],"[0, 0, 1, 0, 1, 0, 1, 1, 1, 0, 1, 0]",-27.0,-22.438902093583703,11
79,[-0.45432712  0.05092609],"[0, 1, 1, 0, 1, 1, 0, 1, 0, 0, 1, 1]",-27.0,-22.153405347063984,11
80,[-0.47731979 -0.49619359],"[1, 0, 1, 1, 0, 0, 0, 0, 1, 1, 1, 1]",-26.0,-21.666642100744415,14
81,[0.4 1. ],"[1, 0, 1, 0, 1, 0, 0, 1, 1, 1, 0, 0]",-30.0,-22.45699232448811,9
82,[0.4 1. ],"[0, 1, 1, 0, 0, 1, 0, 0, 1, 1, 0, 0]",-27.0,-21.328018987015568,9
83,[-0.13520536 -0.41366049],"[1, 0, 0, 1, 1, 0, 1, 0, 1, 1, 0, 0]",-31.0,-28.553397973479598,12
84,[0.4 1. ],"[1, 0, 1, 1, 0, 0, 0, 1, 0, 0, 1, 1]",-30.0,-22.398098309417385,9
85,[-0.48444536 -0.49335677],"[1, 0, 0, 0, 1, 0, 0, 0, 1, 0, 1, 1]",-30.0,-22.60606590375007,14
86,[0.4 1. ],"[1, 1, 1, 0, 1, 0, 0, 0, 0, 0, 1, 1]",-29.0,-22.45154442727426,9
87,[0.2 1. ],"[0, 1, 1, 1, 1, 1, 1, 1, 0, 0, 0, 0]",-28.0,-23.52288532866909,8
88,[-0.46702029 -0.50430612],"[1, 0, 0, 1, 0, 0, 0, 0, 0, 1, 0, 1]",-27.0,-22.75021724146445,14
89,[-0.43489996  0.03987012],"[1, 0, 1, 1, 0, 0, 0, 0, 0, 0, 1, 1]",-28.0,-22.470233831101282,11
90,[-0.44284386  0.04198743],"[1, 1, 0, 1, 1, 0, 0, 0, 1, 1, 0, 0]",-28.0,-22.418651702411264,11
91,[0.2 1. ],"[1, 1, 0, 0, 1, 0, 1, 0, 1, 1, 0, 0]",-30.0,-24.908914871649046,8
92,[0.4 1. ],"[1, 1, 1, 1, 0, 0, 1, 1, 1, 0, 0, 0]",-27.0,-21.58932066976891,9
93,[0.10373598 0.94761549],"[0, 0, 0, 0, 1, 0, 1, 1, 0, 1, 1, 1]",-24.0,-19.83604771391791,12
94,[0.2 1. ],"[1, 1, 0, 1, 0, 0, 1, 0, 0, 1, 1, 0]",-30.0,-25.71002358281485,8
95,[0.4 1.1],"[0, 0, 0, 1, 0, 0, 1, 0, 1, 1, 1, 1]",-25.0,-20.48952757280203,9
96,[0.2 1. ],"[0, 1, 0, 0, 1, 1, 1, 0, 0, 1, 0, 0]",-31.0,-25.766809642011037,8
97,[0.2 1.1],"[0, 1, 1, 0, 1, 1, 0, 0, 1, 1, 0, 0]",-27.0,-23.00061340626176,8
98,[-0.14043739 -0.41780877],"[1, 1, 0, 0, 1, 0, 1, 0, 1, 0, 1, 1]",-31.0,-28.594600196506562,13
99,[-0.45058926 -0.50461666],"[0, 1, 0, 0, 0, 0, 1, 0, 1, 1, 1, 1]",-30.0,-22.849427906430893,14
