,opt_param,final_state,cost,mean_cost,n_iteration
0,[-0.17671944 -0.30221229],"[1, 0, 1, 0, 0, 1, 0, 0, 1]",-18.0,-14.69497816383491,12
1,[-0.05969    -0.47373261],"[0, 1, 1, 1, 1, 0, 0, 0, 1]",-15.0,-11.69026220641043,12
2,[-0.36711999 -0.37085459],"[1, 0, 1, 0, 0, 0, 1, 1, 0]",-18.0,-15.200282950566926,12
3,[0.1040127  0.94414964],"[1, 0, 0, 0, 1, 1, 1, 1, 0]",-15.0,-11.890700511797139,10
4,[-0.09361444 -0.18672653],"[0, 0, 1, 0, 0, 1, 0, 1, 1]",-18.0,-15.849479673389574,12
5,[-1.15779325  1.3112874 ],"[1, 0, 0, 0, 1, 1, 0, 1, 0]",-15.0,-9.661667146283758,10
6,[-1.12925762  1.31073928],"[1, 1, 1, 0, 0, 0, 1, 1, 0]",-15.0,-10.201825282045789,10
7,[0.11086111 0.90910762],"[1, 0, 0, 0, 0, 1, 0, 0, 1]",-16.0,-11.972991733593757,9
8,[-0.0169744  -0.35025838],"[1, 0, 0, 1, 1, 0, 1, 0, 1]",-16.0,-12.205365269265403,12
9,[-0.3627525 -0.3631276],"[1, 0, 0, 1, 0, 1, 0, 1, 1]",-18.0,-15.192121795171673,12
10,[-0.1662108  -0.28300561],"[1, 1, 1, 1, 0, 0, 0, 0, 0]",-16.0,-14.551206896547855,12
11,[-0.4677125  -0.53175189],"[1, 0, 0, 1, 0, 1, 1, 0, 1]",-18.0,-13.426247881599544,14
12,[-0.16977731 -0.29892351],"[0, 1, 1, 1, 0, 0, 1, 0, 1]",-18.0,-15.186773239638553,12
13,[-0.16794283 -0.29327774],"[0, 1, 1, 1, 1, 0, 1, 0, 1]",-16.0,-14.597548419901363,12
14,[-0.16991027 -0.17816234],"[1, 1, 0, 0, 1, 1, 0, 0, 0]",-19.0,-15.778349513848452,12
15,[-0.21361884 -0.60234297],"[0, 0, 1, 0, 1, 1, 1, 0, 0]",-17.0,-14.938144414455211,14
16,[-0.20431013 -0.24323063],"[1, 1, 1, 0, 1, 1, 0, 0, 0]",-19.0,-16.24089967878925,11
17,[-1.18217372  1.30963185],"[0, 1, 1, 0, 0, 1, 0, 1, 1]",-13.0,-9.709874616743944,10
18,[-0.17070764 -0.23727665],"[1, 0, 0, 1, 1, 0, 0, 1, 1]",-17.0,-14.973180273695512,12
19,[-0.21727378 -0.33879722],"[0, 0, 1, 1, 0, 0, 1, 1, 1]",-16.0,-14.462147871816443,11
20,[0.5736586  0.35882313],"[0, 1, 0, 0, 1, 0, 1, 1, 1]",-17.0,-11.756688004950137,13
21,[-0.16120528 -0.28596322],"[0, 1, 0, 1, 1, 0, 0, 1, 0]",-17.0,-15.081477108090661,12
22,[-0.36666049 -0.3712593 ],"[1, 1, 0, 0, 0, 0, 1, 0, 1]",-17.0,-14.699804976406522,12
23,[-0.16804774 -0.27477075],"[0, 1, 1, 0, 0, 0, 1, 1, 0]",-17.0,-14.545162450226078,12
24,[-0.17016505 -0.21361891],"[0, 1, 0, 1, 0, 1, 1, 0, 0]",-17.0,-15.411907953503167,12
25,[-0.1694367  -0.28612305],"[1, 0, 1, 0, 1, 0, 1, 0, 0]",-17.0,-14.033053158159845,12
26,[-0.16256854 -0.27353434],"[1, 0, 0, 0, 1, 1, 1, 0, 0]",-17.0,-14.498248034834273,12
27,[-0.36511407 -0.37040209],"[1, 1, 0, 0, 1, 0, 0, 0, 1]",-18.0,-14.71092805981467,12
28,[-0.19955703  0.1133038 ],"[1, 1, 1, 1, 0, 0, 0, 1, 1]",-17.0,-12.794052911643853,8
29,[-0.21364518 -0.32326332],"[0, 1, 1, 1, 0, 1, 0, 0, 0]",-16.0,-13.81321982646869,11
30,[-0.06027338 -0.4711709 ],"[1, 1, 0, 0, 1, 0, 1, 1, 0]",-15.0,-11.708880856183393,12
31,[-0.01296707 -0.33705874],"[0, 1, 1, 0, 0, 1, 0, 1, 1]",-15.0,-12.15444281299624,12
32,[-0.04258022 -0.43501175],"[1, 0, 1, 1, 1, 0, 0, 0, 0]",-17.0,-12.531454587340084,12
33,[-0.1674833  -0.21111246],"[0, 0, 1, 0, 0, 1, 0, 1, 1]",-18.0,-15.928928342334082,12
34,[0.2 1. ],"[0, 0, 1, 0, 1, 0, 1, 1, 0]",-20.0,-16.018765473102214,8
35,[-0.34153362 -0.62548561],"[1, 0, 0, 1, 1, 0, 1, 1, 0]",-18.0,-14.24635947440694,14
36,[-0.21081181 -0.30565454],"[0, 1, 0, 0, 1, 0, 1, 1, 0]",-17.0,-14.845304598325864,11
37,[-0.1802817  -0.32164648],"[0, 1, 1, 0, 1, 1, 0, 1, 0]",-16.0,-14.226643435363101,12
38,[-0.36533969 -0.37292762],"[0, 1, 1, 1, 0, 0, 0, 1, 0]",-17.0,-14.737036329435698,12
39,[-0.21304884 -0.31029717],"[0, 1, 1, 0, 0, 0, 0, 1, 1]",-20.0,-15.407364240160463,11
40,[-0.37053571 -0.65090412],"[0, 0, 1, 0, 1, 1, 0, 0, 0]",-16.0,-13.775733869870841,14
41,[-0.2069015  -0.26840015],"[0, 0, 0, 1, 1, 1, 1, 0, 0]",-18.0,-15.791179480307227,11
42,[0.11840021 0.88036421],"[0, 0, 1, 0, 1, 0, 1, 0, 1]",-15.0,-12.06531915565637,10
43,[-0.168861  -0.2786154],"[1, 0, 0, 1, 0, 1, 0, 0, 1]",-18.0,-15.110940103979024,12
44,[-1.56885692  0.88637853],"[0, 1, 0, 1, 0, 0, 1, 1, 0]",-14.0,-11.510613195410789,11
45,[-0.36387958 -0.36661813],"[1, 1, 1, 1, 0, 0, 0, 0, 1]",-18.0,-15.230513701729855,12
46,[0.4 1. ],"[0, 1, 1, 0, 1, 0, 0, 1, 1]",-15.0,-11.72814290442275,9
47,[-0.20789255 -0.27771904],"[0, 1, 1, 1, 0, 1, 1, 0, 0]",-18.0,-15.832344488535728,11
48,[-1.56482253  0.86789434],"[1, 0, 1, 1, 1, 1, 0, 0, 0]",-15.0,-11.535002097955333,11
49,[0.2 1.1],"[1, 1, 0, 1, 0, 1, 0, 0, 0]",-18.0,-13.99557733622791,8
50,[-0.2164069 -0.3352221],"[1, 1, 0, 1, 1, 0, 0, 0, 1]",-16.0,-14.431754059654239,11
51,[-0.02590945 -0.38995945],"[0, 0, 1, 1, 1, 0, 0, 0, 1]",-14.0,-11.304533718335449,12
52,[-0.04570267 -0.44518782],"[1, 0, 1, 0, 0, 1, 1, 0, 0]",-16.0,-12.572483773531498,12
53,[-0.17217693 -0.31947353],"[1, 1, 0, 0, 1, 0, 1, 0, 0]",-17.0,-14.158652185246243,12
54,[0.1176832  0.88301028],"[0, 1, 0, 1, 0, 0, 1, 1, 1]",-16.0,-12.057901663563705,10
55,[0.11814392 0.88155734],"[0, 0, 1, 0, 0, 1, 0, 1, 1]",-15.0,-12.065772155719657,10
56,[-0.17338021 -0.30655544],"[1, 0, 0, 0, 1, 0, 1, 1, 0]",-17.0,-14.129340314978869,12
57,[-0.16969775 -0.27820043],"[0, 1, 0, 1, 0, 1, 0, 0, 0]",-16.0,-14.002706655698022,12
58,[-0.09266395 -0.2170073 ],"[1, 0, 0, 1, 1, 0, 1, 1, 0]",-18.0,-15.4085709788404,12
59,[0.2 1.1],"[0, 1, 0, 0, 1, 1, 0, 1, 0]",-16.0,-12.561594176794703,8
60,[0.11647574 0.88703957],"[1, 0, 0, 1, 1, 1, 1, 0, 0]",-15.0,-11.103197683337973,10
61,[-1.05490345  1.32344376],"[1, 1, 0, 0, 0, 0, 1, 0, 1]",-14.0,-10.534109714481458,10
62,[-0.37032298 -0.37776071],"[1, 0, 1, 0, 1, 0, 0, 0, 1]",-17.0,-14.215189711170806,12
63,[0.11755763 0.8836486 ],"[1, 1, 0, 0, 0, 0, 0, 1, 1]",-16.0,-12.060212190316573,10
64,[0.10308682 0.95263035],"[1, 1, 0, 0, 1, 1, 0, 1, 0]",-15.0,-11.873613800301614,12
65,[-0.03010206 -0.40297655],"[1, 1, 0, 0, 1, 1, 0, 1, 0]",-15.0,-12.375211771273513,12
66,[-0.20617406 -0.25107107],"[0, 1, 0, 0, 0, 1, 0, 1, 1]",-17.0,-15.71359430794203,11
67,[-0.22072679 -0.34350319],"[0, 1, 1, 0, 0, 1, 1, 0, 0]",-18.0,-14.459480813391673,11
68,[-0.46850467 -0.53332454],"[1, 0, 0, 1, 1, 0, 0, 0, 0]",-16.0,-13.451003999977413,14
69,[-0.22268839 -0.3507311 ],"[0, 1, 0, 1, 0, 1, 0, 0, 1]",-18.0,-14.497894146262814,11
70,[-0.17023708 -0.1981203 ],"[0, 1, 0, 1, 0, 1, 0, 1, 0]",-19.0,-15.88308328613438,12
71,[-0.47466438 -0.52681227],"[0, 1, 1, 0, 1, 1, 1, 0, 0]",-17.0,-13.89366081650122,14
72,[-0.37619077 -0.66093585],"[1, 0, 1, 1, 0, 0, 1, 0, 1]",-19.0,-13.823792777057697,14
73,[-0.09420904 -0.21894508],"[0, 1, 1, 0, 1, 0, 1, 0, 1]",-17.0,-14.899168885144626,12
74,[-0.37305079 -0.65861481],"[1, 0, 0, 0, 1, 1, 1, 0, 1]",-16.0,-12.767876541433257,14
75,[-0.17260738 -0.28521345],"[1, 0, 0, 0, 0, 0, 1, 1, 1]",-18.0,-14.60689897355399,12
76,[-0.17821402 -0.30560133],"[0, 1, 0, 1, 1, 0, 1, 1, 1]",-16.0,-14.724955608616707,12
77,[0.12007819 0.87537103],"[1, 0, 1, 0, 1, 1, 0, 0, 1]",-16.0,-12.086409834442243,10
78,[-0.09375751 -0.22523424],"[1, 0, 0, 1, 0, 1, 0, 1, 1]",-18.0,-15.442982017066416,12
79,[-0.168597   -0.30170675],"[0, 1, 0, 1, 1, 0, 1, 0, 1]",-19.0,-14.63115399743738,12
80,[-0.04776783 -0.45034364],"[0, 1, 0, 1, 0, 0, 1, 1, 1]",-16.0,-12.597467811847485,12
81,[-0.20693272 -0.24297727],"[0, 1, 0, 0, 0, 1, 0, 1, 1]",-19.0,-16.22777744227392,11
82,[-0.07091598 -0.52574285],"[0, 0, 0, 1, 1, 1, 0, 1, 1]",-18.0,-15.811981558023094,14
83,[-0.20461405 -0.25739086],"[0, 0, 0, 1, 1, 0, 0, 1, 1]",-19.0,-15.751026283040142,11
84,[-0.16934732 -0.27944863],"[0, 1, 1, 1, 0, 0, 1, 1, 0]",-18.0,-14.560295193531763,12
85,[-0.09679215 -0.1827011 ],"[0, 0, 1, 0, 1, 1, 0, 0, 1]",-19.0,-15.860855613834866,12
86,[-0.04408725 -0.43434975],"[0, 0, 1, 0, 0, 1, 1, 0, 1]",-16.0,-12.548798430417634,12
87,[-0.17047544 -0.32465375],"[1, 0, 1, 0, 1, 0, 0, 1, 0]",-18.0,-14.708988374125294,12
88,[-1.1379936   1.31818975],"[0, 0, 1, 1, 1, 1, 0, 1, 0]",-14.0,-9.62140860231381,10
89,[-0.46724233 -0.54794253],"[1, 0, 1, 1, 1, 0, 0, 0, 1]",-18.0,-13.552671076344936,14
90,[-0.48522658  0.04215801],"[0, 1, 1, 0, 0, 1, 1, 1, 0]",-18.0,-13.382363680878653,11
91,[-0.17012324 -0.27392657],"[1, 1, 0, 0, 1, 1, 1, 0, 0]",-17.0,-13.99726423749911,12
92,[-0.16789243 -0.27978009],"[0, 1, 1, 0, 1, 1, 1, 0, 0]",-17.0,-14.554090413511643,12
93,[-0.03814411 -0.42910722],"[0, 1, 0, 1, 1, 1, 1, 0, 0]",-16.0,-12.481149230122126,12
94,[-0.15307388 -0.61366195],"[0, 0, 0, 1, 1, 0, 1, 0, 1]",-12.0,-9.37926723355389,12
95,[-0.11776224 -0.37463051],"[1, 0, 1, 1, 1, 0, 1, 0, 0]",-18.0,-14.836005779019896,11
96,[-0.05113414 -0.40253767],"[0, 0, 0, 1, 0, 1, 1, 1, 0]",-18.0,-15.683905587847384,14
97,[-0.20470565 -0.24369449],"[1, 0, 1, 0, 1, 1, 0, 0, 1]",-19.0,-15.68587354189024,11
98,[-0.16743307 -0.31532597],"[1, 0, 1, 0, 0, 1, 1, 0, 1]",-17.0,-14.6628909374423,12
99,[0.4 1. ],"[0, 1, 1, 0, 1, 0, 0, 1, 0]",-16.0,-12.131075805300354,9
