,opt_param,final_state,cost,mean_cost,n_iteration
0,[ 1.49647602 -0.44742558],"[0, 0, 1, 1]",-4.0,-3.2890076286825294,11
1,[ 1.42561754 -0.59569995],"[1, 1, 0, 0]",-4.0,-3.010778397534358,10
2,[ 1.32681716 -0.81534052],"[0, 0, 1, 1]",-4.0,-2.826731333758253,10
3,[ 1.42561754 -0.59569995],"[1, 1, 0, 0]",-4.0,-3.010778397534353,10
4,[ 1.34421565 -0.79642208],"[0, 1, 0, 1]",-4.0,-2.787050153295973,11
5,[ 1.40469863 -0.87323907],"[0, 1, 0, 1]",-3.0,-2.0398219736309704,10
6,[ 1.44226115 -0.94490328],"[0, 1, 1, 1]",-2.0,-1.316025508798814,10
7,[ 1.49647602 -0.44742558],"[1, 0, 1, 0]",-4.0,-3.2890076286825307,11
8,[ 1.42670532 -0.9063238 ],"[1, 0, 0, 0]",-3.0,-2.438271012483397,10
9,[ 1.42561754 -0.59569995],"[0, 0, 1, 1]",-4.0,-3.0107783975343554,10
10,[ 1.42670532 -0.9063238 ],"[1, 0, 1, 0]",-3.0,-2.4382710124833866,10
11,[ 1.42670532 -0.9063238 ],"[1, 1, 0, 0]",-3.0,-2.438271012483384,10
12,[ 1.42670532 -0.9063238 ],"[1, 0, 0, 1]",-3.0,-2.4382710124833817,10
13,[ 1.32681716 -0.81534052],"[1, 1, 0, 0]",-4.0,-2.8267313337582434,10
14,[ 1.18442785 -1.28367091],"[1, 0, 1, 1]",-3.0,-2.2767350922209926,11
15,[ 1.42561754 -0.59569995],"[0, 0, 1, 1]",-4.0,-3.0107783975343567,10
16,[ 1.49647602 -0.44742558],"[1, 0, 1, 0]",-4.0,-3.289007628682543,11
17,[ 1.42670532 -0.9063238 ],"[1, 1, 0, 0]",-3.0,-2.4382710124833906,10
18,[ 1.42561754 -0.59569995],"[1, 1, 0, 0]",-4.0,-3.0107783975343563,10
19,[ 1.41519084 -0.61274745],"[1, 0, 1, 0]",-2.0,-1.8649230814618454,10
20,[ 1.41519084 -0.61274745],"[1, 1, 1, 0]",-2.0,-1.8649230814618503,10
21,[ 1.40469863 -0.87323907],"[0, 1, 1, 0]",-3.0,-2.039821973630974,10
22,[ 1.49647602 -0.44742558],"[1, 1, 0, 0]",-4.0,-3.2890076286825467,11
23,[ 1.42561754 -0.59569995],"[0, 1, 1, 0]",-4.0,-3.0107783975343625,10
24,[ 1.42561754 -0.59569995],"[0, 1, 0, 1]",-4.0,-3.0107783975343585,10
25,[ 1.42670532 -0.9063238 ],"[1, 0, 0, 1]",-3.0,-2.438271012483383,10
26,[ 1.32681716 -0.81534052],"[1, 0, 1, 0]",-4.0,-2.826731333758256,10
27,[ 1.44148099 -1.22613372],"[0, 0, 1, 1]",-3.0,-1.8899654849523577,11
28,[ 1.42561754 -0.59569995],"[1, 0, 1, 0]",-4.0,-3.0107783975343563,10
29,[ 1.42670532 -0.9063238 ],"[0, 1, 1, 0]",-3.0,-2.4382710124833946,10
30,[ 1.42670532 -0.9063238 ],"[0, 1, 1, 1]",-3.0,-2.438271012483393,10
31,[ 1.42670532 -0.9063238 ],"[1, 0, 0, 1]",-3.0,-2.438271012483386,10
32,[ 1.42670532 -0.9063238 ],"[0, 0, 0, 1]",-3.0,-2.4382710124833835,10
33,[ 1.42561754 -0.59569995],"[1, 0, 0, 1]",-4.0,-3.0107783975343523,10
34,[ 1.40469863 -0.87323907],"[0, 1, 1, 0]",-3.0,-2.039821973630973,10
35,[ 1.40469863 -0.87323907],"[0, 1, 0, 1]",-3.0,-2.039821973630967,10
36,[ 1.42561754 -0.59569995],"[1, 1, 0, 0]",-4.0,-3.0107783975343576,10
37,[ 1.42561754 -0.59569995],"[1, 0, 0, 1]",-4.0,-3.0107783975343536,10
38,[ 1.32681716 -0.81534052],"[1, 0, 1, 0]",-4.0,-2.8267313337582474,10
39,[ 1.44226115 -0.94490328],"[1, 0, 1, 0]",-2.0,-1.3160255087988126,10
40,[ 1.42561754 -0.59569995],"[1, 1, 0, 0]",-4.0,-3.0107783975343594,10
41,[ 1.42670532 -0.9063238 ],"[1, 1, 0, 0]",-3.0,-2.4382710124833973,10
42,[ 1.32681716 -0.81534052],"[0, 1, 1, 0]",-4.0,-2.8267313337582474,10
43,[ 1.42561754 -0.59569995],"[0, 1, 1, 0]",-4.0,-3.010778397534357,10
44,[ 1.32681716 -0.81534052],"[0, 0, 1, 1]",-4.0,-2.826731333758247,10
45,[ 1.32681716 -0.81534052],"[1, 0, 0, 1]",-4.0,-2.8267313337582483,10
46,[ 1.49647602 -0.44742558],"[1, 0, 0, 1]",-4.0,-3.2890076286825423,11
47,[ 1.41519084 -0.61274745],"[0, 0, 1, 0]",-2.0,-1.8649230814618478,10
48,[ 1.42561754 -0.59569995],"[0, 1, 0, 1]",-4.0,-3.010778397534356,10
49,[ 1.42670532 -0.9063238 ],"[0, 0, 1, 1]",-3.0,-2.438271012483386,10
50,[ 1.41519084 -0.61274745],"[1, 0, 1, 0]",-2.0,-1.8649230814618514,10
51,[ 1.40469863 -0.87323907],"[0, 1, 0, 1]",-3.0,-2.03982197363097,10
52,[ 1.42561754 -0.59569995],"[1, 1, 0, 0]",-4.0,-3.010778397534351,10
53,[ 1.42670532 -0.9063238 ],"[1, 1, 0, 0]",-3.0,-2.438271012483389,10
54,[ 1.42670532 -0.9063238 ],"[0, 0, 1, 1]",-3.0,-2.4382710124833853,10
55,[ 1.41519084 -0.61274745],"[1, 0, 0, 1]",-2.0,-1.864923081461848,10
56,[ 1.41519084 -0.61274745],"[0, 1, 0, 1]",-2.0,-1.864923081461853,10
57,[ 1.44148099 -1.22613372],"[0, 0, 1, 1]",-3.0,-1.8899654849523546,11
58,[ 1.32681716 -0.81534052],"[0, 1, 0, 1]",-4.0,-2.8267313337582487,10
59,[ 1.42670532 -0.9063238 ],"[0, 0, 1, 1]",-3.0,-2.438271012483387,10
60,[ 1.44148099 -1.22613372],"[0, 0, 1, 1]",-3.0,-1.8899654849523524,11
61,[ 1.42670532 -0.9063238 ],"[1, 1, 0, 0]",-3.0,-2.438271012483384,10
62,[ 1.42561754 -0.59569995],"[0, 1, 0, 1]",-4.0,-3.010778397534355,10
63,[ 1.42561754 -0.59569995],"[0, 0, 1, 1]",-4.0,-3.0107783975343554,10
64,[ 1.42561754 -0.59569995],"[1, 0, 1, 0]",-4.0,-3.010778397534354,10
65,[ 1.38548376 -1.92867429],"[1, 0, 1, 0]",-2.0,-1.6324308349558554,11
66,[ 1.40469863 -0.87323907],"[0, 1, 1, 0]",-3.0,-2.0398219736309704,10
67,[ 1.42670532 -0.9063238 ],"[0, 1, 0, 0]",-3.0,-2.438271012483387,10
68,[ 1.40469863 -0.87323907],"[0, 1, 1, 0]",-3.0,-2.0398219736309686,10
69,[ 1.42670532 -0.9063238 ],"[1, 0, 1, 0]",-3.0,-2.4382710124833764,10
70,[ 1.42670532 -0.9063238 ],"[1, 1, 1, 0]",-3.0,-2.4382710124833817,10
71,[ 1.42561754 -0.59569995],"[1, 0, 1, 0]",-4.0,-3.0107783975343554,10
72,[ 1.42561754 -0.59569995],"[0, 0, 1, 1]",-4.0,-3.010778397534358,10
73,[ 1.42561754 -0.59569995],"[1, 1, 0, 0]",-4.0,-3.0107783975343585,10
74,[ 1.40469863 -0.87323907],"[0, 0, 1, 1]",-3.0,-2.0398219736309695,10
75,[ 1.42670532 -0.9063238 ],"[1, 0, 1, 0]",-3.0,-2.43827101248339,10
76,[ 1.42670532 -0.9063238 ],"[1, 0, 0, 1]",-3.0,-2.4382710124833737,10
77,[ 1.42561754 -0.59569995],"[1, 0, 1, 0]",-4.0,-3.010778397534358,10
78,[ 1.42670532 -0.9063238 ],"[0, 1, 0, 1]",-3.0,-2.4382710124833986,10
79,[ 1.40469863 -0.87323907],"[0, 1, 1, 0]",-3.0,-2.0398219736309735,10
80,[ 1.42561754 -0.59569995],"[0, 1, 1, 0]",-4.0,-3.0107783975343536,10
81,[ 1.42561754 -0.59569995],"[0, 1, 1, 0]",-4.0,-3.010778397534354,10
82,[ 1.42670532 -0.9063238 ],"[0, 0, 1, 1]",-3.0,-2.438271012483398,10
83,[ 1.42561754 -0.59569995],"[0, 0, 1, 1]",-4.0,-3.010778397534358,10
84,[ 1.44148099 -1.22613372],"[0, 1, 1, 0]",-3.0,-1.8899654849523562,11
85,[ 1.32681716 -0.81534052],"[1, 0, 1, 0]",-4.0,-2.8267313337582474,10
86,[ 1.42561754 -0.59569995],"[1, 0, 1, 0]",-4.0,-3.0107783975343567,10
87,[ 1.49647602 -0.44742558],"[0, 1, 0, 1]",-4.0,-3.289007628682539,11
88,[ 1.40469863 -0.87323907],"[0, 1, 1, 0]",-3.0,-2.0398219736309686,10
89,[ 1.32681716 -0.81534052],"[1, 1, 0, 0]",-4.0,-2.826731333758246,10
90,[ 1.42670532 -0.9063238 ],"[1, 0, 0, 1]",-3.0,-2.4382710124833906,10
91,[ 1.18442785 -1.28367091],"[1, 0, 1, 1]",-3.0,-2.2767350922209886,11
92,[ 1.49647602 -0.44742558],"[1, 0, 1, 0]",-4.0,-3.2890076286825503,11
93,[ 1.49647602 -0.44742558],"[0, 1, 1, 0]",-4.0,-3.2890076286825463,11
94,[ 1.42670532 -0.9063238 ],"[1, 0, 1, 0]",-3.0,-2.4382710124833906,10
95,[ 1.42670532 -0.9063238 ],"[0, 1, 0, 0]",-3.0,-2.4382710124833866,10
96,[ 1.18442785 -1.28367091],"[0, 1, 0, 0]",-3.0,-2.276735092220986,11
97,[ 1.42561754 -0.59569995],"[1, 0, 1, 0]",-4.0,-3.010778397534355,10
98,[ 1.42670532 -0.9063238 ],"[1, 0, 0, 1]",-3.0,-2.438271012483385,10
99,[ 1.42561754 -0.59569995],"[1, 0, 0, 1]",-4.0,-3.0107783975343594,10
