[0, array([ 2.90019952, -0.00631379]), [0, 0, 1, 0, 0, 0, 0, 1, 0, 1, 0, 0, 1, 0, 0, 0], 19.999999999999986, 21.03358016563069, 13]
[1, array([1.00000000e-01, 2.85768455e-12]), [0, 0, 1, 0, 0, 0, 0, 1, 1, 0, 0, 0, 0, 1, 0, 0], 25.999999999999996, 26.023852645864253, 10]
[2, array([1.00000000e-01, 6.19705198e-12]), [0, 0, 1, 0, 0, 0, 0, 1, 1, 0, 0, 0, 0, 1, 0, 0], 21.999999999999986, 22.003395988636328, 10]
[3, array([ 2.90019952, -0.00631379]), [0, 0, 0, 1, 0, 1, 0, 0, 0, 0, 1, 0, 1, 0, 0, 0], 22.999999999999986, 26.875925621265168, 13]
[4, array([ 0.04812845, -0.02501752]), [], 12.999999999999993, 13.75094021650357, 14]
[5, array([1.00000000e-01, 1.98824952e-12]), [0, 0, 1, 0, 0, 0, 0, 1, 1, 0, 0, 0, 0, 1, 0, 0], 18.0, 18.01021391336242, 10]
[6, array([-1.00000000e-01,  4.68567851e-12]), [0, 0, 1, 0, 0, 0, 0, 1, 1, 0, 0, 0, 0, 1, 0, 0], 18.0, 18.006806392524567, 10]
[7, array([ 1.35      , -0.30000002]), [0, 1, 0, 0, 1, 0, 0, 0, 0, 0, 1, 0, 0, 0, 0, 1], 19.99999999999999, 22.781456997791683, 12]
[8, array([2.91243875, 0.04830142]), [1, 0, 0, 0, 0, 1, 0, 0, 0, 0, 0, 1, 0, 0, 1, 0], 20.999999999999986, 22.849851683473815, 13]
[9, array([1.00000000e-01, 1.29831368e-12]), [], 19.0, 19.01191767378132, 10]
[10, array([-1.00000000e-01,  4.29426344e-12]), [0, 0, 1, 0, 0, 0, 0, 1, 1, 0, 0, 0, 0, 1, 0, 0], 23.0, 23.015333843769742, 10]
[11, array([1.00000000e-01, 3.07632429e-12]), [0, 0, 1, 0, 0, 0, 0, 1, 1, 0, 0, 0, 0, 1, 0, 0], 20.999999999999986, 21.008521685144316, 10]
[12, array([1.00000000e-01, 4.41808104e-12]), [0, 0, 1, 0, 0, 0, 0, 1, 1, 0, 0, 0, 0, 1, 0, 0], 14.999999999999993, 15.001706643468772, 10]
[13, array([-1.00000000e-01,  4.50379496e-12]), [0, 0, 1, 0, 0, 0, 0, 1, 1, 0, 0, 0, 0, 1, 0, 0], 18.0, 18.00680350947432, 10]
[14, array([ 0.04812845, -0.02501752]), [], 17.0, 17.750940216534133, 14]
[15, array([1.00000000e-01, 1.95366282e-12]), [0, 0, 1, 0, 0, 0, 0, 1, 1, 0, 0, 0, 0, 1, 0, 0], 18.0, 18.02381516621156, 10]
[16, array([1.00000000e-01, 1.72382257e-12]), [], 18.0, 18.010205264211734, 10]
[17, array([ 0.04812845, -0.02501752]), [0, 0, 1, 0, 1, 0, 0, 0, 0, 0, 0, 1, 0, 1, 0, 0], 10.999999999999998, 11.750940216491097, 14]
[18, array([1.00000000e-01, 3.23305933e-12]), [0, 0, 1, 0, 0, 0, 0, 1, 1, 0, 0, 0, 0, 1, 0, 0], 19.999999999999986, 20.01021103031214, 10]
[19, array([3.1172905 , 0.08702746]), [1, 0, 0, 0, 0, 1, 0, 0, 0, 0, 0, 1, 0, 0, 1, 0], 14.999999999999996, 17.919374197302748, 13]
[20, array([ 1.8, -0.3]), [1, 0, 0, 0, 0, 1, 0, 0, 0, 0, 0, 1, 0, 0, 1, 0], 20.0, 22.190590593742723, 12]
[21, array([2.90124639, 0.01573926]), [0, 0, 1, 0, 1, 0, 0, 0, 0, 0, 0, 1, 0, 1, 0, 0], 21.99999999999999, 24.08480619120208, 13]
[22, array([1.00000000e-01, 6.55297913e-12]), [0, 0, 1, 0, 0, 0, 0, 1, 1, 0, 0, 0, 0, 1, 0, 0], 21.0, 21.001700877368116, 10]
[23, array([1.0000000e-01, 1.1102036e-12]), [0, 0, 1, 0, 0, 0, 0, 1, 1, 0, 0, 0, 0, 1, 0, 0], 7.9999999999999964, 8.003407520837644, 10]
[24, array([ 2.90069962, -0.01180822]), [0, 0, 0, 1, 1, 0, 0, 0, 0, 0, 1, 0, 0, 1, 0, 0], 18.999999999999993, 20.80150229671406, 13]
[25, array([3.14319377, 0.15271542]), [1, 0, 0, 0, 0, 1, 0, 0, 0, 0, 1, 0, 0, 0, 0, 1], 27.999999999999986, 27.97902974173286, 13]
[26, array([ 3.06473001, -0.07622353]), [0, 0, 0, 1, 0, 1, 0, 0, 0, 0, 1, 0, 1, 0, 0, 0], 15.0, 16.83322740517971, 13]
[27, array([1.00000000e-01, 5.39941548e-12]), [0, 0, 1, 0, 0, 0, 0, 1, 1, 0, 0, 0, 0, 1, 0, 0], 22.0, 22.003395988636356, 10]
[28, array([ 2.99486115, -0.48924595]), [0, 0, 1, 0, 0, 1, 0, 0, 0, 0, 0, 1, 1, 0, 0, 0], 21.999999999999986, 23.000504555407744, 13]
[29, array([3.72477581, 0.82236674]), [0, 1, 0, 0, 1, 0, 0, 0, 0, 0, 1, 0, 0, 0, 0, 1], 13.000000000000007, 18.810028708178795, 14]
[30, array([ 2.90593946, -0.03395019]), [1, 0, 0, 0, 0, 1, 0, 0, 0, 0, 0, 1, 0, 0, 1, 0], 20.0, 21.33217743826045, 13]
[31, array([3.10062648, 0.1218155 ]), [1, 0, 0, 0, 0, 0, 1, 0, 0, 1, 0, 0, 0, 0, 0, 1], 10.999999999999993, 14.104360346050873, 13]
[32, array([3.15453867, 0.36898809]), [1, 0, 0, 0, 0, 1, 0, 0, 0, 0, 0, 1, 0, 0, 1, 0], 9.999999999999998, 14.298199916393644, 14]
[33, array([ 3.05486841, -0.08360298]), [1, 0, 0, 0, 0, 0, 1, 0, 0, 1, 0, 0, 0, 0, 0, 1], 25.000000000000014, 26.56056729886309, 12]
[34, array([3.10062651, 0.12181547]), [1, 0, 0, 0, 0, 0, 1, 0, 0, 1, 0, 0, 0, 0, 0, 1], 18.999999999999986, 22.104362611745763, 13]
[35, array([ 1.1  , -0.125]), [0, 0, 1, 0, 0, 0, 0, 1, 0, 1, 0, 0, 1, 0, 0, 0], 17.0, 17.990914177167223, 10]
[36, array([1.00000000e-01, 2.75449049e-12]), [], 14.0, 14.003401754737034, 10]
[37, array([ 5.20234054, -0.55507937]), [], 23.0, 22.993470376861826, 18]
[38, array([2.60227572, 0.04432343]), [0, 1, 0, 0, 0, 0, 0, 1, 1, 0, 0, 0, 0, 0, 1, 0], 26.0, 29.00180563517949, 15]
[39, array([ 2.90019952, -0.00631379]), [0, 0, 1, 0, 1, 0, 0, 0, 0, 0, 0, 1, 0, 1, 0, 0], 13.999999999999993, 16.583950414214844, 13]
[40, array([3.1172905 , 0.08702746]), [0, 1, 0, 0, 1, 0, 0, 0, 0, 0, 1, 0, 0, 0, 0, 1], 17.0, 19.91937419794306, 13]
[41, array([1.00000000e-01, 4.97512932e-13]), [0, 0, 1, 0, 0, 0, 0, 1, 1, 0, 0, 0, 0, 1, 0, 0], 8.999999999999998, 9.008513035993946, 10]
[42, array([1.00000000e-01, 3.85574957e-12]), [0, 0, 1, 0, 0, 0, 0, 1, 1, 0, 0, 0, 0, 1, 0, 0], 23.999999999999986, 24.010219679462644, 10]
[43, array([1.00000000e-01, 2.68064426e-12]), [0, 0, 1, 0, 0, 0, 0, 1, 1, 0, 0, 0, 0, 1, 0, 0], 14.0, 14.003404637787254, 10]
[44, array([ 2.60837542, -0.08302187]), [1, 0, 0, 0, 0, 0, 1, 0, 0, 1, 0, 0, 0, 0, 0, 1], 18.999999999999986, 19.80681661595586, 13]
[45, array([-1.00000000e-01,  6.99680817e-12]), [], 20.0, 20.003404637787106, 10]
[46, array([ 2.90019952, -0.00631379]), [1, 0, 0, 0, 0, 0, 1, 0, 0, 1, 0, 0, 0, 0, 0, 1], 17.999999999999986, 21.617530579905402, 13]
[47, array([3.13439185, 0.05617147]), [0, 1, 0, 0, 1, 0, 0, 0, 0, 0, 1, 0, 0, 0, 0, 1], 27.000000000000007, 31.69171337312114, 13]
[48, array([1.00000000e-01, 3.36453231e-12]), [0, 0, 1, 0, 0, 0, 0, 1, 1, 0, 0, 0, 0, 1, 0, 0], 18.0, 18.00341040388759, 10]
[49, array([1.00000000e-01, 7.77272631e-12]), [0, 0, 1, 0, 0, 0, 0, 1, 1, 0, 0, 0, 0, 1, 0, 0], 17.0, 17.001706643468715, 10]
[50, array([ 1.8, -0.3]), [0, 1, 0, 0, 1, 0, 0, 0, 0, 0, 1, 0, 0, 0, 0, 1], 9.999999999999996, 10.730196864570106, 12]
[51, array([1.00000000e-01, 1.45836643e-12]), [], 15.0, 15.005105515155934, 10]
[52, array([ 1.8, -0.3]), [1, 0, 0, 0, 0, 0, 1, 0, 0, 0, 0, 1, 0, 1, 0, 0], 18.0, 20.190590593746407, 12]
[53, array([1.0000000e-01, 3.0859112e-12]), [], 10.99999999999999, 11.001700877368412, 10]
[54, array([ 2.90593946, -0.03395019]), [0, 0, 0, 1, 0, 0, 1, 0, 1, 0, 0, 0, 0, 1, 0, 0], 12.0, 13.33217744566629, 13]
[55, array([1.00000000e-01, 1.22962329e-12]), [], 10.0, 10.006803509474544, 10]
[56, array([1.00000000e-01, 3.46235396e-12]), [0, 0, 1, 0, 0, 0, 0, 1, 1, 0, 0, 0, 0, 1, 0, 0], 20.0, 20.003410403887592, 10]
[57, array([1.00000000e-01, 2.13528973e-12]), [0, 0, 1, 0, 0, 0, 0, 1, 1, 0, 0, 0, 0, 1, 0, 0], 17.0, 17.011914790731126, 10]
[58, array([2.90001391e+00, 1.66766545e-03]), [0, 1, 0, 0, 0, 0, 0, 1, 1, 0, 0, 0, 0, 0, 1, 0], 9.0, 10.799461266490479, 13]
[59, array([1.00000000e-01, 1.12924499e-12]), [0, 0, 1, 0, 0, 0, 0, 1, 1, 0, 0, 0, 0, 1, 0, 0], 15.0, 15.018712534105552, 10]
[60, array([1.00000000e-01, 2.10068436e-12]), [], 19.0, 19.018709651055204, 10]
[61, array([ 3.05119922, -0.08589901]), [0, 0, 0, 1, 0, 1, 0, 0, 0, 0, 1, 0, 1, 0, 0, 0], 19.000000000000004, 19.879571058045375, 13]
[62, array([1.00000000e-01, 1.52348463e-12]), [0, 0, 1, 0, 0, 0, 0, 1, 1, 0, 0, 0, 0, 1, 0, 0], 11.999999999999993, 12.01020238116165, 10]
[63, array([1.00000000e-01, 1.75796208e-12]), [0, 0, 1, 0, 0, 0, 0, 1, 1, 0, 0, 0, 0, 1, 0, 0], 9.0, 9.001700877368465, 10]
[64, array([2.90410811, 0.02836802]), [0, 0, 0, 1, 0, 0, 1, 0, 1, 0, 0, 0, 0, 1, 0, 0], 19.0, 20.01979547698898, 13]
[65, array([1.00000000e-01, 2.88508218e-12]), [], 19.0, 19.015330960719613, 10]
[66, array([ 2.90019952, -0.00631379]), [0, 0, 1, 0, 0, 1, 0, 0, 0, 0, 0, 1, 1, 0, 0, 0], 7.9999999999999964, 8.516790082824846, 13]
[67, array([1.00000000e-01, 2.51692649e-12]), [], 13.0, 13.00511416430666, 10]
[68, array([1.00000000e-01, 2.90356748e-12]), [0, 0, 1, 0, 0, 0, 0, 1, 1, 0, 0, 0, 0, 1, 0, 0], 18.0, 18.006809275574803, 10]
