,opt_param,final_state,cost,mean_cost,n_iteration
0,[-0.42576542  0.03986713],"[1, 1, 1, 1, 1, 1, 0, 0, 0, 0, 1, 0, 0]",-31.0,-25.818239086262846,11
1,[-0.10052694 -0.27233141],"[1, 1, 1, 0, 0, 1, 0, 0, 0, 0, 1, 1, 0]",-35.0,-30.96342743570908,11
2,[-0.41589274  0.03892385],"[1, 0, 0, 1, 1, 0, 1, 0, 0, 1, 0, 1, 0]",-31.0,-26.795116095933277,11
3,[-0.33700115 -0.34843818],"[1, 1, 1, 1, 0, 0, 1, 0, 0, 1, 0, 0, 1]",-34.0,-31.147981054893016,12
4,[0.2 1.1],"[1, 0, 0, 1, 0, 0, 0, 0, 1, 1, 1, 1, 0]",-38.0,-31.20076086122815,8
5,[0.2 1.1],"[1, 0, 1, 1, 0, 0, 1, 0, 1, 0, 1, 0, 1]",-38.0,-31.341839747649765,8
6,[-0.45245257 -0.52172326],"[0, 1, 0, 1, 1, 1, 0, 1, 1, 0, 0, 0, 1]",-31.0,-25.513765356917744,14
7,[-0.43003542  0.03958493],"[1, 0, 0, 0, 1, 0, 1, 0, 1, 0, 1, 0, 1]",-30.0,-25.8293501774327,11
8,[0.2 1.1],"[0, 0, 1, 1, 1, 1, 0, 0, 1, 0, 1, 0, 0]",-37.0,-29.367461468331644,8
9,[-0.43494382  0.04211178],"[0, 0, 0, 1, 0, 1, 0, 1, 1, 0, 1, 1, 0]",-32.0,-24.796103679953735,11
10,[0.2 1.1],"[0, 0, 0, 1, 0, 1, 0, 1, 1, 0, 0, 1, 1]",-34.0,-29.336503136651164,8
11,[0.2 1.1],"[1, 1, 1, 1, 0, 1, 0, 1, 1, 0, 0, 0, 0]",-36.0,-30.398594243599476,8
12,[-0.45085441  0.05045838],"[1, 0, 0, 1, 0, 1, 1, 0, 1, 0, 1, 0, 0]",-32.0,-25.948723795214132,11
13,[-0.36143315 -0.34386466],"[1, 0, 0, 1, 0, 0, 0, 0, 1, 1, 0, 1, 1]",-31.0,-27.762672028760754,12
14,[0.2 1.1],"[0, 0, 1, 1, 0, 0, 1, 0, 0, 1, 0, 1, 1]",-38.0,-30.366772838331514,8
15,[-0.41702482  0.03699656],"[1, 0, 1, 1, 0, 0, 0, 0, 1, 1, 0, 1, 1]",-32.0,-26.864292435501103,11
16,[-0.51247162 -0.48933675],"[1, 0, 1, 0, 0, 1, 1, 1, 0, 1, 0, 0, 1]",-31.0,-23.466309336499414,14
17,[-0.36313091 -0.33804148],"[0, 1, 0, 1, 0, 0, 1, 1, 1, 0, 0, 1, 1]",-35.0,-28.69610389210056,12
18,[-0.46943169 -0.50676845],"[0, 0, 0, 0, 1, 1, 1, 0, 1, 0, 0, 1, 1]",-32.0,-26.304497684463445,14
19,[-0.42684643  0.04444097],"[0, 1, 0, 1, 1, 1, 0, 1, 0, 0, 0, 1, 1]",-32.0,-25.659848645970147,11
20,[-0.42941925  0.04759005],"[0, 0, 0, 1, 1, 0, 0, 1, 1, 0, 1, 1, 1]",-33.0,-26.498765680522844,11
21,[-0.15951658 -0.43191995],"[0, 0, 0, 1, 0, 1, 1, 1, 1, 0, 1, 0, 1]",-36.0,-32.430877010946574,13
22,[-0.44781061  0.054378  ],"[1, 0, 0, 0, 0, 0, 1, 1, 0, 1, 0, 1, 1]",-29.0,-24.86673859459117,11
23,[-0.45442591  0.04730371],"[0, 1, 0, 1, 0, 0, 1, 1, 1, 0, 0, 1, 1]",-31.0,-26.062667422657047,11
24,[-0.10066607 -0.27483706],"[0, 0, 0, 1, 1, 1, 1, 0, 1, 1, 1, 0, 0]",-35.0,-30.97486423700661,11
25,[-0.17201752 -0.43801069],"[1, 1, 1, 0, 0, 1, 1, 1, 0, 0, 0, 1, 0]",-37.0,-32.49808629879003,13
26,[0.2 1.1],"[1, 1, 1, 1, 0, 0, 0, 0, 1, 0, 1, 1, 0]",-35.0,-29.411096546271942,8
27,[-0.42969132  0.0413994 ],"[0, 1, 0, 0, 1, 1, 1, 0, 1, 0, 0, 0, 1]",-33.0,-25.766385153344146,11
28,[-0.10054596 -0.27293576],"[0, 1, 0, 0, 0, 0, 0, 1, 1, 1, 0, 1, 0]",-35.0,-30.970787929411884,11
29,[-0.47426494 -0.50525897],"[0, 1, 1, 1, 1, 0, 0, 0, 1, 1, 0, 0, 0]",-33.0,-25.243058879081104,14
30,[-0.33492352 -0.35841048],"[1, 1, 1, 0, 1, 0, 1, 1, 0, 1, 0, 1, 0]",-34.0,-30.17858336620673,12
31,[-0.50069227 -0.49073416],"[1, 0, 0, 1, 1, 1, 0, 0, 0, 0, 1, 0, 0]",-32.0,-25.030103761438674,14
32,[-0.43189387  0.03826505],"[1, 0, 0, 0, 1, 0, 1, 1, 1, 0, 0, 0, 0]",-31.0,-25.875908420028498,11
33,[-0.48749395 -0.5104696 ],"[1, 0, 1, 1, 0, 0, 1, 0, 1, 0, 1, 0, 0]",-32.0,-24.627741854063853,14
34,[-0.44697155  0.04573659],"[1, 0, 0, 0, 1, 1, 0, 0, 1, 1, 0, 0, 1]",-31.0,-25.16249851098591,11
35,[-0.42411577 -0.52626603],"[0, 0, 1, 0, 1, 0, 1, 1, 0, 1, 0, 0, 0]",-33.0,-26.800897355280288,14
36,[-0.43286843  0.03836402],"[1, 1, 1, 1, 1, 0, 1, 1, 0, 0, 0, 0, 0]",-29.0,-24.91445538063357,11
37,[-0.49684983 -0.50499329],"[0, 0, 1, 1, 1, 0, 0, 0, 1, 1, 1, 1, 0]",-30.0,-24.10666389356971,14
38,[-0.6999894  -0.00097524],"[0, 1, 0, 1, 0, 0, 0, 1, 0, 1, 1, 0, 1]",-37.0,-30.00963018181866,10
39,[-0.19518036 -0.56592928],"[0, 1, 0, 0, 1, 0, 1, 1, 1, 0, 0, 0, 1]",-32.0,-27.653114956849965,14
40,[-0.46348433 -0.51520742],"[0, 1, 0, 1, 1, 1, 0, 1, 0, 1, 1, 0, 1]",-32.0,-26.447848596059877,14
41,[-0.46112959 -0.242485  ],"[0, 1, 1, 0, 0, 1, 0, 1, 1, 0, 1, 0, 0]",-33.0,-29.1327378984217,14
42,[-0.43408726 -0.51936216],"[0, 1, 1, 0, 1, 1, 0, 1, 0, 0, 0, 1, 1]",-33.0,-26.65273457337386,14
43,[0.2 1. ],"[1, 0, 0, 1, 1, 1, 0, 1, 1, 1, 0, 0, 0]",-35.0,-28.481067364991798,8
44,[-0.42785256  0.0449239 ],"[1, 1, 1, 0, 0, 1, 0, 1, 1, 0, 0, 0, 0]",-30.0,-25.64207880629694,11
45,[-0.33849364 -0.357482  ],"[1, 1, 1, 0, 1, 0, 1, 0, 0, 1, 0, 0, 0]",-36.0,-30.17355981168637,12
46,[-0.36413463 -0.3387825 ],"[0, 0, 1, 0, 1, 0, 0, 1, 1, 0, 0, 1, 1]",-35.0,-29.709349103599845,12
47,[-0.48201883 -0.50652155],"[0, 0, 1, 1, 1, 0, 0, 0, 0, 1, 1, 1, 0]",-29.0,-24.19716158869836,14
48,[-0.33641401 -0.35734304],"[0, 0, 0, 1, 1, 1, 1, 0, 1, 0, 0, 0, 1]",-36.0,-30.170166494200643,12
49,[-0.33464109 -0.36209805],"[1, 1, 0, 1, 0, 0, 1, 1, 1, 1, 0, 0, 0]",-33.0,-29.141261414255123,12
50,[-0.36915986 -0.36863812],"[0, 1, 1, 1, 1, 1, 0, 0, 0, 1, 0, 0, 1]",-30.0,-25.93560592515865,12
51,[-0.36594534 -0.34542225],"[0, 1, 1, 1, 0, 0, 0, 1, 1, 0, 1, 0, 1]",-33.0,-28.689830893348976,12
52,[-0.15247137 -0.42715526],"[1, 0, 1, 0, 0, 1, 0, 1, 1, 0, 0, 0, 1]",-36.0,-32.38153908665207,13
53,[-0.33638221 -0.36439458],"[1, 0, 1, 1, 1, 0, 0, 0, 1, 0, 1, 0, 1]",-32.0,-29.16709507804213,12
54,[-0.33751079 -0.34781807],"[0, 1, 1, 1, 0, 0, 1, 1, 1, 0, 0, 1, 0]",-34.0,-30.07607594305326,12
55,[-0.41267885 -0.52167343],"[1, 1, 1, 1, 1, 0, 1, 0, 0, 0, 0, 1, 0]",-33.0,-26.841000208766257,14
56,[0.2 1.1],"[0, 1, 1, 0, 1, 0, 1, 0, 1, 0, 0, 1, 1]",-35.0,-29.374344338503814,8
57,[-0.36440864 -0.34622566],"[0, 0, 0, 1, 0, 0, 1, 0, 0, 1, 0, 1, 1]",-34.0,-28.788657635151214,12
58,[-0.41707492  0.04004488],"[1, 1, 0, 1, 0, 1, 1, 1, 0, 1, 1, 0, 0]",-31.0,-25.801650014441233,11
59,[-0.04146385 -0.17894396],"[1, 1, 1, 0, 0, 0, 0, 0, 1, 1, 0, 1, 0]",-35.0,-29.71811981943291,15
60,[-0.33189964 -0.35915744],"[1, 1, 0, 1, 1, 1, 0, 0, 0, 1, 0, 1, 0]",-34.0,-30.177648658320045,12
61,[-0.3341444  -0.35378822],"[1, 1, 1, 1, 0, 1, 0, 0, 0, 1, 0, 1, 0]",-35.0,-30.13002611972222,12
62,[0.2 1. ],"[1, 1, 0, 0, 0, 0, 1, 0, 1, 1, 1, 0, 0]",-33.0,-28.494541261414327,8
63,[-0.4132246  -0.52411355],"[1, 0, 1, 0, 0, 0, 1, 1, 1, 0, 1, 0, 1]",-34.0,-26.85968778220668,14
64,[-0.41969838  0.03540452],"[1, 0, 0, 0, 0, 0, 1, 1, 1, 1, 1, 1, 0]",-33.0,-25.96344451083089,11
65,[-0.36670846 -0.35564585],"[1, 1, 0, 1, 0, 0, 0, 1, 1, 0, 1, 0, 0]",-32.0,-27.80854472877066,12
66,[0.2 1.1],"[1, 1, 1, 0, 1, 1, 0, 0, 1, 0, 0, 0, 0]",-38.0,-30.370011955165815,8
67,[-0.36575702 -0.35567882],"[0, 0, 0, 1, 1, 0, 1, 0, 1, 1, 1, 0, 0]",-33.0,-27.825170490549194,12
68,[-0.11466882 -0.22372189],"[1, 0, 1, 1, 0, 1, 1, 0, 0, 0, 1, 0, 0]",-36.0,-31.00836291004008,14
69,[0.2 1. ],"[0, 1, 1, 0, 1, 0, 1, 1, 0, 1, 1, 0, 0]",-34.0,-28.472573932312418,8
70,[-0.0356724 -0.4088681],"[1, 0, 1, 1, 0, 1, 0, 0, 0, 1, 0, 1, 0]",-35.0,-29.77720944447327,14
71,[0.2 1.1],"[1, 1, 0, 1, 1, 0, 1, 0, 0, 0, 0, 0, 1]",-37.0,-29.37385352616718,8
72,[0.2 1.1],"[0, 1, 0, 1, 0, 1, 1, 1, 1, 0, 1, 0, 1]",-34.0,-28.44277868324412,8
73,[0.2 1.1],"[1, 0, 0, 1, 1, 0, 1, 0, 1, 1, 0, 0, 0]",-37.0,-30.33244182762888,8
74,[-0.17060339 -0.30888833],"[0, 1, 1, 0, 0, 1, 0, 0, 1, 0, 1, 1, 0]",-29.0,-25.76757252633369,12
75,[-0.36517485 -0.35386799],"[0, 1, 0, 0, 1, 1, 1, 0, 1, 0, 0, 0, 1]",-33.0,-27.824371109387787,12
76,[0.2 1.1],"[1, 1, 1, 0, 0, 0, 1, 1, 0, 0, 0, 1, 0]",-37.0,-31.254672430502218,8
77,[-0.43077029  0.04054845],"[1, 0, 0, 1, 1, 1, 1, 1, 0, 1, 0, 0, 0]",-30.0,-24.370621877619257,11
78,[-0.13603833 -0.41480633],"[1, 0, 1, 1, 0, 0, 1, 0, 0, 1, 0, 1, 1]",-37.0,-32.25841940140904,13
79,[-0.10196577 -0.29222443],"[0, 1, 0, 1, 0, 1, 0, 0, 1, 1, 0, 1, 1]",-33.0,-28.93210925111458,11
80,[-0.45697001 -0.51110947],"[0, 1, 1, 1, 1, 1, 0, 0, 1, 1, 0, 0, 0]",-34.0,-26.432940589971086,14
81,[-0.423637    0.04198723],"[0, 1, 0, 1, 1, 0, 0, 1, 0, 1, 1, 0, 0]",-33.0,-26.690710460384167,11
82,[-0.42849252  0.04211326],"[0, 0, 1, 0, 1, 1, 0, 1, 1, 1, 1, 0, 0]",-32.0,-25.744345825924654,11
83,[-0.39183547 -0.4357503 ],"[0, 1, 0, 1, 1, 0, 1, 0, 0, 1, 1, 1, 0]",-35.0,-29.179425309194304,13
84,[-0.36148275 -0.33079792],"[1, 0, 1, 0, 0, 1, 1, 1, 0, 0, 0, 1, 0]",-34.0,-29.265396987885254,12
85,[-0.44209198 -0.51781265],"[1, 0, 0, 1, 1, 0, 1, 0, 1, 1, 0, 0, 0]",-34.0,-26.583343039480194,14
86,[-0.42808848  0.04770916],"[1, 0, 1, 0, 1, 1, 0, 0, 0, 1, 0, 1, 1]",-34.0,-25.55038788107872,11
87,[0.2 1.1],"[0, 0, 1, 0, 0, 0, 1, 1, 1, 0, 1, 1, 0]",-39.0,-30.313194556290615,8
88,[-0.34486646 -0.56114737],"[1, 0, 0, 0, 0, 0, 1, 1, 1, 0, 1, 0, 1]",-36.0,-30.054994868157976,13
89,[-0.14033011 -0.41816517],"[1, 0, 0, 0, 1, 1, 0, 1, 0, 1, 0, 0, 1]",-36.0,-32.29259229629985,13
90,[-0.0222649  -0.45554388],"[1, 0, 0, 0, 1, 1, 0, 0, 0, 1, 0, 0, 1]",-35.0,-29.46277554857354,12
91,[-0.43293819  0.04795065],"[1, 0, 1, 1, 0, 0, 0, 0, 1, 0, 0, 1, 1]",-33.0,-26.48253720337104,11
92,[-0.13682982 -0.41544519],"[0, 1, 0, 0, 0, 1, 1, 0, 0, 0, 1, 1, 1]",-36.0,-32.26761532788164,13
93,[-0.46753915  0.04844578],"[1, 1, 0, 1, 0, 0, 0, 0, 1, 1, 1, 1, 0]",-30.0,-24.137236135063166,11
94,[0.2 1.1],"[1, 0, 0, 1, 0, 0, 1, 0, 1, 0, 1, 0, 1]",-35.0,-29.399820024991854,8
95,[-0.44563491  0.04469301],"[0, 1, 0, 1, 0, 1, 1, 0, 1, 1, 1, 0, 0]",-33.0,-25.197161082340035,11
96,[0.2 1. ],"[0, 0, 1, 0, 1, 1, 0, 0, 1, 1, 0, 0, 1]",-33.0,-28.454178925930112,8
97,[-0.33806837 -0.34977004],"[0, 1, 0, 0, 0, 1, 0, 1, 1, 0, 1, 1, 1]",-34.0,-31.163194730867172,12
98,[0.2 1.1],"[1, 0, 0, 0, 1, 1, 1, 0, 1, 0, 1, 0, 0]",-35.0,-29.362875176619742,8
99,[-0.42393122  0.03901193],"[1, 1, 1, 0, 0, 1, 1, 0, 0, 0, 1, 0, 0]",-32.0,-26.79581957590541,11
