,opt_param,final_state,cost,mean_cost,n_iteration
0,[-1.21690549  1.23778352],"[1, 1, 1, 0, 0, 1]",-6.0,-4.1195514428333935,10
1,[-1.40610962  1.06204279],"[1, 0, 1, 0, 1, 1]",-8.0,-6.316784131279368,11
2,[0.04288942 1.05560839],"[1, 1, 0, 0, 0, 1]",-7.0,-5.130259199061008,12
3,[-1.41058605  1.00582393],"[0, 0, 0, 1, 1, 1]",-7.0,-5.505214346579625,11
4,[-0.12586406 -0.65022127],"[1, 0, 1, 1, 0, 0]",-7.0,-5.2509030305883995,12
5,[ 0.6416797  -0.17013502],"[1, 0, 0, 1, 1, 0]",-7.0,-3.949432417875888,10
6,[-0.1387514  -0.56721156],"[0, 1, 0, 0, 1, 1]",-9.0,-6.376964077344104,12
7,[0.4 1. ],"[0, 1, 0, 1, 0, 1]",-9.0,-6.155694973732559,9
8,[-0.16248112 -0.58352667],"[1, 0, 0, 1, 0, 1]",-7.0,-5.943946820824268,12
9,[-1.26893097  0.84858435],"[1, 1, 0, 0, 1, 1]",-5.0,-4.064461366734504,10
10,[0.2 1.1],"[1, 0, 1, 0, 1, 0]",-9.0,-6.888852137065399,8
11,[-1.41497679  1.03133088],"[0, 1, 0, 0, 0, 1]",-7.0,-5.460492599015019,11
12,[0.4 1.1],"[1, 0, 0, 0, 1, 1]",-8.0,-5.581123701541295,9
13,[-0.14118322 -0.57508082],"[1, 0, 0, 1, 0, 1]",-9.0,-6.3804048157516,12
14,[-1.08998942  1.31994442],"[1, 1, 1, 0, 0, 0]",-8.0,-5.107232361729623,10
15,[-1.17568684  1.27353688],"[1, 1, 0, 1, 0, 1]",-7.0,-4.496842026125308,10
16,[0.4 1. ],"[1, 0, 0, 0, 1, 1]",-8.0,-6.119775505378168,9
17,[-0.12722956 -0.60011686],"[0, 0, 1, 1, 1, 1]",-7.0,-5.228728198852773,13
18,[-1.22813805  1.23473738],"[0, 0, 0, 0, 1, 1]",-7.0,-4.5570794898034395,10
19,[0.10820749 0.92166084],"[0, 0, 0, 1, 1, 1]",-7.0,-5.444834548295844,10
20,[-0.1286398 -0.6431744],"[1, 1, 0, 0, 1, 1]",-7.0,-5.266370178769481,12
21,[-1.0901397   1.31935096],"[0, 0, 1, 1, 1, 0]",-8.0,-5.10777550382548,10
22,[0.121688   0.87248758],"[0, 1, 0, 0, 1, 1]",-6.0,-4.586703445971006,10
23,[0.4 1. ],"[1, 1, 0, 1, 1, 0]",-8.0,-6.119775505378182,9
24,[-0.14966456 -0.56071335],"[0, 1, 0, 1, 0, 1]",-7.0,-5.310286411343246,12
25,[-0.12934506 -0.53225819],"[1, 1, 1, 0, 0, 0]",-8.0,-6.31268278658759,12
26,[-0.46703037 -0.67562419],"[1, 0, 1, 1, 1, 0]",-7.0,-5.445915437924102,12
27,[-1.17368261  1.2855387 ],"[1, 0, 0, 1, 1, 0]",-7.0,-4.421643396794936,10
28,[-0.14203117 -0.56466416],"[0, 1, 0, 1, 0, 1]",-9.0,-6.3933843663517305,12
29,[-1.16191025  1.30414743],"[0, 1, 1, 0, 1, 0]",-8.0,-5.020816036964029,10
30,[-0.47302164 -0.67688182],"[1, 1, 0, 1, 0, 0]",-7.0,-5.494525132499355,12
31,[0.4 1. ],"[0, 0, 1, 1, 1, 0]",-8.0,-6.11977550537816,9
32,[0.4 1. ],"[0, 1, 0, 1, 0, 0]",-6.0,-4.507718974355966,9
33,[-0.11074308 -0.50982242],"[1, 0, 1, 1, 1, 0]",-7.0,-5.654255106516297,12
34,[-0.11608858 -0.53561643],"[0, 1, 1, 1, 0, 0]",-8.0,-6.245446250136755,12
35,[-1.23466794  1.26446454],"[1, 0, 0, 1, 0, 1]",-9.0,-5.125398975260438,10
36,[0.4 1. ],"[0, 1, 0, 1, 1, 1]",-8.0,-6.119775505378177,9
37,[-0.1438993  -0.56842882],"[0, 1, 0, 1, 0, 0]",-8.0,-6.395098262316011,12
38,[0.4 1. ],"[1, 0, 0, 1, 0, 1]",-8.0,-6.1197755053781835,9
39,[-1.41562081  1.02241098],"[1, 0, 1, 0, 0, 1]",-7.0,-5.471039253584708,11
40,[-1.14362974  1.28352678],"[0, 1, 1, 0, 1, 0]",-7.0,-4.836594630771383,10
41,[-0.13683178 -0.57002205],"[1, 1, 0, 1, 0, 0]",-9.0,-6.366903396425487,12
42,[-1.41966395  0.98789617],"[0, 1, 1, 0, 0, 1]",-6.0,-5.034816974607096,11
43,[0.4 1. ],"[1, 1, 0, 1, 0, 1]",-8.0,-6.119775505378152,9
44,[-0.1440153  -0.56830583],"[0, 1, 1, 1, 0, 0]",-9.0,-6.395676836441693,12
45,[-0.13480356 -0.6000107 ],"[0, 1, 0, 1, 0, 1]",-7.0,-5.273513354364642,13
46,[-1.08970781  1.31018434],"[0, 0, 0, 1, 1, 1]",-8.0,-5.124070846921307,10
47,[-0.11398437 -0.40305908],"[0, 1, 1, 1, 0, 0]",-6.0,-5.0864268014441,13
48,[0.10820749 0.92166084],"[0, 1, 0, 1, 1, 0]",-7.0,-5.444834548295838,10
49,[-0.03253331 -0.37813088],"[1, 0, 1, 0, 0, 1]",-9.0,-6.734113848144433,12
50,[0.10604401 0.93217186],"[0, 1, 1, 1, 0, 0]",-7.0,-5.430431187925228,10
51,[-0.14939374 -0.56089369],"[1, 0, 1, 1, 0, 0]",-7.0,-5.309218701533335,12
52,[-1.41271485  0.98715374],"[0, 1, 1, 1, 0, 1]",-7.0,-5.531942298783763,11
53,[-0.13739681 -0.56704182],"[0, 1, 0, 1, 1, 0]",-8.0,-6.368169500372456,12
54,[-0.11119593 -0.62731589],"[1, 1, 0, 0, 0, 1]",-7.0,-5.148196201855666,12
55,[0.10628423 0.93117887],"[1, 0, 0, 1, 1, 1]",-6.0,-4.37927523490521,10
56,[-0.15198392 -0.59805361],"[1, 0, 1, 0, 0, 1]",-7.0,-5.340874949756601,13
57,[-0.11790079 -0.39098331],"[0, 1, 0, 1, 1, 0]",-9.0,-6.212369796229904,13
58,[-1.41091429  0.91388896],"[1, 0, 1, 0, 0, 1]",-6.0,-4.21582131008764,11
59,[-0.08463185 -0.50425368],"[1, 1, 1, 1, 0, 0]",-8.0,-6.052174007486883,12
60,[-1.19296682  1.31477618],"[0, 1, 1, 1, 0, 0]",-8.0,-4.781217156103714,10
61,[-1.41630773  1.01140198],"[0, 0, 1, 0, 1, 1]",-7.0,-5.4842426316834105,11
62,[-1.4196457   0.98856719],"[1, 1, 1, 0, 0, 0]",-6.0,-5.0341178062953915,11
63,[-0.12776593 -0.61468649],"[1, 0, 1, 0, 0, 1]",-7.0,-5.27227357462763,12
64,[-1.0901397   1.31935096],"[0, 0, 0, 1, 1, 1]",-8.0,-5.107775503825473,10
65,[-0.03171297 -0.37757775],"[0, 1, 0, 1, 0, 1]",-8.0,-6.72829797298099,12
66,[0.4 1. ],"[0, 0, 1, 1, 1, 0]",-9.0,-6.1556949737325635,9
67,[0.4 1.1],"[0, 0, 1, 1, 1, 0]",-8.0,-5.581123701541292,9
68,[-1.41564113  1.02211053],"[0, 1, 0, 0, 1, 1]",-7.0,-5.471396841479555,11
69,[-0.06035192 -0.42150339],"[0, 1, 0, 1, 1, 0]",-9.0,-6.93844432536287,12
70,[-0.0286846  -0.40635692],"[1, 0, 0, 0, 1, 1]",-9.0,-6.714658313597921,12
71,[-0.12306895 -0.53444829],"[1, 1, 0, 0, 0, 1]",-8.0,-6.280430565734526,12
72,[-0.10750768 -0.54026295],"[0, 1, 0, 1, 1, 0]",-8.0,-6.199537905240975,12
73,[-0.46975663 -0.69752197],"[1, 0, 1, 1, 0, 0]",-6.0,-4.829492248309817,12
74,[-1.13164169  1.28753419],"[0, 1, 1, 1, 0, 0]",-7.0,-4.773841779910758,10
75,[-1.41275131  0.98665009],"[1, 0, 0, 1, 1, 0]",-8.0,-5.532529095272824,11
76,[-1.15970743  1.293083  ],"[0, 0, 0, 1, 1, 1]",-8.0,-5.035865328685704,10
77,[0.4 1. ],"[0, 1, 0, 1, 0, 1]",-9.0,-6.155694973732559,9
78,[-0.07639367 -0.75450906],"[1, 0, 0, 0, 1, 1]",-6.0,-3.9369702312794077,13
79,[-0.13569375 -0.59999373],"[1, 1, 0, 0, 0, 1]",-6.0,-5.277566359797838,13
80,[-0.08718225 -0.50073435],"[0, 1, 0, 1, 0, 1]",-8.0,-6.070526615789655,12
81,[-1.16066884  1.29806934],"[0, 0, 0, 1, 1, 1]",-7.0,-5.029022216637574,10
82,[-0.03114672 -0.37719236],"[0, 1, 1, 0, 0, 1]",-9.0,-6.724278655240369,12
83,[-0.07680211 -0.50293707],"[0, 1, 0, 1, 1, 0]",-7.0,-6.010435563203271,12
84,[-0.46354757 -0.69017819],"[1, 0, 0, 1, 1, 1]",-7.0,-5.323895730791755,12
85,[0.4 1. ],"[0, 0, 0, 1, 1, 1]",-9.0,-6.364715775713597,9
86,[-1.25447742  0.83633656],"[1, 0, 1, 0, 1, 0]",-5.0,-4.1328480240791645,10
87,[-0.09608331 -0.50058675],"[1, 1, 1, 0, 0, 1]",-7.0,-6.12030137014391,12
88,[-0.07603683 -0.78094825],"[0, 1, 1, 0, 0, 1]",-6.0,-3.914711806184572,13
89,[-0.11641275 -0.39626259],"[0, 0, 1, 1, 0, 1]",-8.0,-5.664240874384718,13
90,[0.4 1. ],"[0, 0, 1, 1, 1, 0]",-9.0,-6.155694973732558,9
91,[0.1745308  0.21933667],"[0, 1, 0, 1, 0, 1]",-8.0,-5.610940019976753,13
92,[-0.1152891  -0.53584428],"[0, 0, 1, 1, 1, 0]",-8.0,-6.241253514383939,12
93,[-1.41075105  0.90982112],"[1, 0, 1, 0, 0, 1]",-6.0,-4.219058724167174,11
94,[-0.10157226 -0.5110544 ],"[1, 0, 1, 0, 0, 1]",-7.0,-5.609186758478147,12
95,[-0.11398437 -0.40305908],"[0, 0, 0, 1, 1, 0]",-7.0,-5.086426801444098,13
96,[0.4 1. ],"[0, 1, 1, 0, 0, 1]",-9.0,-6.1556949737325475,9
97,[-0.10931491 -0.62179612],"[0, 0, 0, 1, 1, 1]",-7.0,-5.148775845055176,12
98,[-1.27386465  0.84235922],"[0, 1, 0, 1, 1, 0]",-5.0,-4.324586937410136,10
99,[-0.08645938 -0.50074962],"[1, 0, 1, 0, 1, 0]",-8.0,-6.066406055976994,12
