,opt_param,final_state,cost,mean_cost,n_iteration
0,[0.4 1. ],"[1, 1, 0, 0, 1, 1, 0, 1, 1, 0]",-19.0,-14.117717505759956,9
1,[0.4 1. ],"[1, 1, 1, 0, 0, 0, 1, 0, 0, 0]",-20.0,-15.921294909983892,9
2,[0.4 1. ],"[0, 1, 0, 0, 0, 1, 1, 1, 0, 0]",-22.0,-16.758843609399868,9
3,[-0.16676419 -0.23238107],"[1, 1, 0, 1, 1, 0, 0, 0, 1, 1]",-20.0,-17.11155898179484,12
4,[-0.09191451 -0.20149382],"[1, 0, 0, 1, 0, 0, 1, 0, 1, 0]",-23.0,-18.519762569245863,12
5,[-0.09640356 -0.16605263],"[1, 1, 0, 0, 1, 0, 0, 0, 0, 1]",-22.0,-18.422850316385073,12
6,[0.4 1. ],"[1, 0, 0, 1, 0, 0, 1, 1, 1, 0]",-23.0,-16.02439697117071,9
7,[0.2 1. ],"[1, 0, 1, 1, 0, 0, 1, 0, 0, 1]",-24.0,-18.736842532316714,8
8,[-0.21568165 -0.32326752],"[0, 1, 0, 0, 1, 1, 0, 0, 1, 0]",-20.0,-17.194457697432796,11
9,[-0.10154571 -0.28780553],"[1, 1, 0, 1, 1, 0, 0, 1, 0, 0]",-22.0,-19.338738321475894,11
10,[-0.16533851 -0.56838813],"[1, 0, 1, 1, 0, 1, 0, 0, 0, 1]",-22.0,-18.518084772360528,14
11,[0.4 1. ],"[0, 1, 1, 0, 0, 0, 1, 1, 1, 0]",-20.0,-14.544484689168467,9
12,[0.4 1. ],"[0, 1, 0, 1, 1, 0, 1, 1, 0, 0]",-20.0,-15.916389718818762,9
13,[0.2 1. ],"[0, 1, 1, 1, 1, 0, 1, 0, 0, 0]",-22.0,-17.514872126468727,8
14,[0.4 1.1],"[1, 1, 1, 1, 0, 0, 1, 0, 0, 1]",-20.0,-14.96853601840475,9
15,[0.11227558 0.90225015],"[0, 0, 1, 0, 0, 1, 1, 0, 1, 1]",-18.0,-14.011713713511545,10
16,[0.4 1.1],"[1, 0, 1, 0, 0, 1, 0, 1, 1, 0]",-20.0,-14.895554699726892,9
17,[0.4 1. ],"[0, 0, 1, 0, 1, 1, 1, 0, 0, 1]",-21.0,-15.894862542107344,9
18,[-0.22233391 -0.34496338],"[1, 0, 0, 0, 0, 1, 1, 0, 0, 1]",-18.0,-15.625642069643456,11
19,[-0.16474743 -0.26966587],"[1, 0, 0, 1, 1, 0, 1, 1, 0, 0]",-18.0,-17.258882249981347,12
20,[-0.02421642 -0.38561142],"[1, 0, 0, 0, 0, 1, 1, 1, 1, 0]",-19.0,-14.853959277105853,12
21,[-0.09187074 -0.21781158],"[1, 0, 1, 0, 1, 1, 0, 0, 1, 0]",-23.0,-18.577244259428696,12
22,[-0.6 -0.2],"[1, 1, 0, 0, 0, 1, 1, 1, 1, 0]",-20.0,-16.845957891485455,11
23,[-0.16641097 -0.28019421],"[0, 1, 1, 0, 0, 0, 0, 0, 1, 1]",-21.0,-17.306871886560877,12
24,[-0.01761006 -0.36151266],"[1, 1, 0, 1, 0, 1, 1, 0, 0, 0]",-20.0,-15.260109951864843,12
25,[-0.16995113 -0.19680815],"[0, 0, 0, 1, 1, 0, 0, 1, 1, 1]",-20.0,-18.050675366569482,12
26,[-0.22002402 -0.34063613],"[1, 0, 0, 1, 1, 0, 1, 0, 1, 0]",-20.0,-16.176342527603712,11
27,[0.4 1. ],"[0, 0, 1, 0, 0, 1, 1, 1, 0, 1]",-20.0,-15.61779275257031,9
28,[-0.46703416 -0.51334346],"[0, 1, 1, 1, 0, 0, 0, 1, 0, 1]",-23.0,-16.988142327878425,14
29,[-1.0308667   0.39069591],"[1, 0, 1, 0, 0, 1, 0, 1, 0, 1]",-21.0,-14.461365453481363,15
30,[0.4 1. ],"[1, 0, 1, 1, 1, 1, 0, 0, 1, 0]",-21.0,-15.97002364537699,9
31,[-0.36568358 -0.64271837],"[0, 1, 0, 1, 0, 1, 1, 0, 1, 1]",-20.0,-15.916681910725071,14
32,[-0.2134115  -0.31059513],"[1, 1, 0, 0, 0, 0, 0, 1, 1, 1]",-19.0,-17.120296169456502,11
33,[-0.21354807 -0.32021245],"[1, 0, 1, 1, 0, 1, 0, 0, 1, 0]",-19.0,-15.507056873864155,11
34,[-0.17087223 -0.28388663],"[0, 1, 0, 1, 1, 0, 1, 1, 0, 0]",-21.0,-17.36228936455898,12
35,[-0.03661064 -0.42323466],"[1, 1, 1, 1, 0, 0, 0, 0, 0, 1]",-20.0,-15.036345920814675,12
36,[-0.01114348 -0.32779008],"[0, 1, 1, 0, 0, 0, 0, 1, 1, 1]",-19.0,-15.159891717952917,12
37,[-0.17211874 -0.19431329],"[1, 0, 0, 1, 0, 0, 0, 1, 0, 1]",-21.0,-18.59269336657764,12
38,[-0.10228831 -0.13682411],"[1, 1, 1, 0, 0, 1, 0, 0, 1, 0]",-22.0,-18.33120933217232,12
39,[-0.10098187 -0.28101451],"[0, 1, 0, 1, 1, 0, 0, 0, 0, 1]",-22.0,-19.317995790693317,11
40,[-0.16380719 -0.24316908],"[0, 1, 0, 1, 1, 1, 0, 1, 0, 1]",-20.0,-17.14221283784336,12
41,[-0.20847141 -0.28560953],"[1, 0, 1, 0, 1, 1, 1, 0, 0, 0]",-19.0,-16.996433696329095,11
42,[0.1526563  0.07396065],"[1, 0, 0, 0, 0, 1, 0, 1, 1, 0]",-17.0,-14.047888898907816,14
43,[-0.03703386 -0.42200266],"[0, 1, 0, 0, 0, 1, 1, 1, 1, 1]",-16.0,-12.985934446837923,12
44,[-0.17016353 -0.2045028 ],"[0, 0, 1, 1, 1, 0, 1, 1, 0, 0]",-21.0,-19.184767529465816,12
45,[-0.166841   -0.25071769],"[1, 1, 0, 1, 0, 1, 0, 0, 1, 0]",-20.0,-17.19412387171906,12
46,[0.4 1. ],"[0, 0, 1, 1, 1, 0, 1, 0, 0, 1]",-22.0,-15.77573836394831,9
47,[-0.21414569 -0.32087555],"[1, 0, 0, 1, 1, 0, 0, 1, 0, 1]",-18.0,-16.63576711298204,11
48,[0.2 1. ],"[0, 0, 0, 1, 0, 1, 0, 1, 1, 1]",-23.0,-18.708453548188896,8
49,[-0.16773692 -0.27716157],"[0, 0, 1, 0, 1, 1, 0, 1, 1, 0]",-21.0,-17.310863216713873,12
50,[-0.21322909 -0.31729375],"[1, 0, 0, 1, 1, 0, 0, 0, 1, 1]",-19.0,-16.046978512056622,11
51,[0.4 1. ],"[1, 1, 0, 1, 1, 0, 1, 0, 0, 0]",-19.0,-14.670165087810487,9
52,[-0.21545077 -0.31836674],"[0, 1, 0, 1, 0, 0, 1, 0, 0, 1]",-20.0,-16.596178488284455,11
53,[0.2 1. ],"[0, 0, 1, 1, 0, 1, 0, 1, 1, 1]",-23.0,-18.371617771574073,8
54,[-0.3751606  -0.65234628],"[1, 0, 1, 1, 0, 1, 1, 0, 0, 1]",-20.0,-14.956599234250113,14
55,[-0.44635466 -0.51703134],"[0, 1, 1, 0, 1, 0, 1, 0, 1, 0]",-21.0,-16.129189433143015,14
56,[0.4 1. ],"[0, 0, 1, 0, 0, 0, 1, 1, 1, 1]",-20.0,-14.592587456505186,9
57,[0.4 1.1],"[1, 0, 0, 1, 0, 1, 1, 1, 0, 0]",-20.0,-14.973196420581488,9
58,[-0.21396625 -0.3118517 ],"[0, 1, 1, 1, 1, 0, 0, 0, 1, 0]",-19.0,-17.122000915657075,11
59,[0.4 1. ],"[0, 0, 0, 1, 1, 0, 1, 1, 1, 0]",-21.0,-15.886380914229992,9
60,[-0.21113784 -0.2934702 ],"[0, 1, 0, 1, 0, 0, 1, 0, 1, 1]",-21.0,-17.02489877844763,11
61,[-0.18616293 -0.57419558],"[1, 1, 1, 1, 0, 0, 1, 1, 0, 0]",-22.0,-18.06455807436045,14
62,[-0.16962242 -0.18956372],"[1, 0, 1, 1, 0, 1, 0, 0, 1, 0]",-21.0,-19.094103494426637,12
63,[-0.17082012 -0.18040763],"[0, 1, 1, 1, 0, 0, 1, 0, 1, 0]",-21.0,-19.046627857435563,12
64,[0.4 1. ],"[0, 0, 0, 0, 1, 1, 1, 1, 0, 1]",-22.0,-15.954611325691937,9
65,[0.4 1. ],"[1, 1, 1, 0, 1, 1, 1, 0, 0, 0]",-19.0,-15.908585901196663,9
66,[-0.02120573 -0.37548582],"[0, 0, 0, 1, 0, 1, 0, 0, 1, 1]",-19.0,-15.31604441102887,12
67,[0.4 1. ],"[1, 0, 0, 0, 1, 1, 0, 0, 1, 0]",-21.0,-16.01479945998021,9
68,[-0.21084262 -0.30016428],"[1, 1, 0, 1, 1, 0, 1, 0, 0, 0]",-20.0,-17.07243438862872,11
69,[-0.44269068 -0.51711526],"[0, 0, 1, 1, 0, 1, 1, 0, 1, 1]",-22.0,-17.16050197992233,14
70,[-0.22320683 -0.34939105],"[0, 1, 1, 1, 0, 1, 0, 0, 0, 1]",-19.0,-15.660549060375601,11
71,[0.4 1. ],"[1, 0, 0, 1, 1, 1, 1, 0, 0, 0]",-22.0,-15.814130186174351,9
72,[-0.36101952 -0.33665736],"[0, 0, 1, 0, 1, 1, 1, 1, 0, 0]",-21.0,-18.841896539697515,12
73,[-0.17055517 -0.57666856],"[1, 0, 1, 0, 1, 0, 0, 1, 0, 1]",-21.0,-18.012208369050413,14
74,[-0.34218137 -0.36413923],"[1, 1, 1, 1, 0, 0, 1, 0, 0, 1]",-24.0,-19.839362045336692,12
75,[0.2 1. ],"[1, 1, 0, 0, 1, 0, 0, 0, 1, 1]",-22.0,-17.311081772920446,8
76,[-0.2260619  -0.35536385],"[0, 1, 1, 0, 0, 1, 0, 0, 1, 1]",-19.0,-15.67807533421546,11
77,[0.2 1. ],"[1, 0, 0, 1, 0, 0, 1, 1, 1, 0]",-23.0,-18.30403242726136,8
78,[-0.21287353 -0.31629726],"[1, 0, 1, 0, 1, 0, 0, 0, 1, 1]",-22.0,-17.168359504694333,11
79,[0.2 1. ],"[0, 0, 1, 0, 0, 0, 1, 1, 1, 1]",-24.0,-18.299613798285478,8
80,[0.4 1. ],"[1, 1, 1, 0, 0, 1, 0, 0, 1, 1]",-21.0,-16.706466103843447,9
81,[-0.6 -0.2],"[0, 0, 0, 1, 0, 1, 1, 1, 1, 0]",-22.0,-16.96349198129936,11
82,[-0.43666511 -0.52723172],"[1, 1, 1, 1, 1, 0, 0, 0, 0, 0]",-22.0,-17.203199792424442,14
83,[-0.49013971  0.0473799 ],"[1, 0, 1, 1, 0, 1, 1, 0, 0, 0]",-21.0,-17.072632623854464,11
84,[0.4 1.1],"[1, 0, 0, 0, 1, 1, 1, 0, 1, 0]",-19.0,-14.587328735784958,9
85,[-0.21452943 -0.32218172],"[1, 1, 1, 0, 1, 0, 0, 0, 1, 0]",-20.0,-17.202809671618056,11
86,[0.4 1. ],"[0, 1, 0, 1, 1, 1, 0, 0, 0, 1]",-22.0,-16.701432323908378,9
87,[-0.33885721 -0.63205106],"[0, 0, 0, 1, 1, 1, 0, 0, 1, 1]",-20.0,-16.51292912651708,14
88,[-0.10708526 -0.5431216 ],"[0, 0, 1, 1, 0, 1, 0, 1, 1, 0]",-24.0,-19.217437416747156,14
89,[-0.21149498 -0.30866247],"[0, 1, 1, 1, 1, 0, 1, 0, 0, 0]",-19.0,-17.129715231400557,11
90,[0.4 1. ],"[1, 0, 1, 0, 0, 1, 1, 1, 0, 1]",-20.0,-15.832769902310714,9
91,[-0.21617556 -0.32346279],"[1, 0, 1, 0, 1, 1, 0, 1, 0, 0]",-19.0,-17.19395319181429,11
92,[-0.21395064 -0.32140232],"[1, 0, 0, 1, 0, 1, 1, 0, 1, 0]",-22.0,-17.197600763427545,11
93,[-0.44753793 -0.52330975],"[0, 1, 0, 0, 0, 1, 0, 1, 1, 1]",-21.0,-17.11915828321075,14
94,[-0.21018001 -0.29468613],"[0, 0, 1, 0, 0, 0, 0, 1, 1, 1]",-20.0,-17.037219686589804,11
95,[-0.0598653  -0.47192296],"[0, 1, 0, 0, 0, 1, 1, 0, 1, 1]",-17.0,-13.794812208449862,12
96,[-0.20943762 -0.2970521 ],"[1, 1, 0, 1, 0, 0, 1, 0, 0, 1]",-20.0,-17.060179216439796,11
97,[-0.21004352 -0.29834298],"[1, 0, 1, 1, 0, 0, 0, 1, 0, 1]",-20.0,-17.068096289089546,11
98,[0.4 1. ],"[1, 1, 0, 1, 0, 0, 0, 1, 0, 0]",-22.0,-15.719034215870396,9
99,[0.4 1.1],"[0, 0, 0, 1, 1, 1, 0, 0, 1, 1]",-19.0,-15.040314409490936,9
