,opt_param,final_state,cost,mean_cost,n_iteration
0,[ 4.56314799 -0.86432122],[0 2 3 1],23.0,25.92715163749637,13
1,[-2.00000000e-01  3.70320151e-13],[0 1 2 3],14.0,14.00686128918422,8
2,[-2.00000000e-01  4.44430625e-11],[0 1 2 3],16.0,16.02017913265827,8
3,[-2.00000000e-01  1.08997084e-11],[0 1 2 3],16.0,16.02029477119602,8
4,[-2.00000000e-01  1.10357518e-11],[0 1 2 3],17.0,17.010291933774457,8
5,[-0.09540968 -0.05005269],[0 1 3 2],17.0,17.046788012623683,13
6,[ 3.80492306 -0.2294873 ],[0 3 1 2],19.0,20.161025117649558,12
7,[-2.0000000e-01  3.0093608e-11],[0 1 2 3],18.0,18.02023695192809,8
8,[-2.0000000e-01  1.7417127e-13],[0 1 2 3],13.0,13.023956692859025,8
9,[ 3.82822544 -1.11732253],[0 1 3 2],26.0,26.000000015723355,12
