,opt_param,final_state,cost,mean_cost,n_iteration
0,[-0.01084223 -0.33265962],"[0, 1, 0, 1, 1, 1, 0, 0]",-14.0,-11.119044182698683,12
1,[0.1111685  0.90772025],"[1, 0, 0, 1, 0, 0, 1, 1]",-12.0,-9.02368814152572,10
2,[0.4 1. ],"[0, 1, 0, 0, 0, 1, 1, 0]",-15.0,-10.497041441098467,9
3,[-1.42789702  1.28673137],"[1, 1, 0, 1, 1, 0, 0, 1]",-11.0,-8.572157029000287,10
4,[-0.49383303  0.04107993],"[1, 1, 0, 1, 0, 1, 1, 0]",-15.0,-11.011644695350178,11
5,[0.10274699 1.29450329],"[1, 1, 0, 1, 0, 1, 0, 0]",-12.0,-8.621939586377747,10
6,[-0.06791209 -0.48404835],"[0, 1, 0, 0, 1, 1, 1, 0]",-11.0,-8.613679755090038,12
7,[-0.10384957 -0.53261134],"[1, 0, 0, 1, 1, 1, 0, 0]",-12.0,-9.986508381427518,12
8,[-0.050649   -0.45825459],"[1, 1, 0, 0, 0, 0, 1, 1]",-15.0,-10.544116237690142,12
9,[-0.04848518 -0.45298585],"[1, 1, 0, 0, 0, 1, 1, 1]",-13.0,-10.523484426385595,12
10,[0.4 1. ],"[1, 1, 0, 0, 0, 1, 0, 0]",-14.0,-10.353696245002064,9
11,[-0.11521142 -0.53283373],"[1, 0, 1, 0, 0, 1, 1, 0]",-12.0,-9.554528313138709,12
12,[0.4 1. ],"[0, 1, 1, 1, 1, 0, 0, 0]",-13.0,-9.492142626169006,9
13,[0.04778477 0.61444758],"[0, 0, 0, 1, 1, 0, 1, 1]",-14.0,-9.954269349240406,14
14,[-0.03964265 -0.43212242],"[0, 1, 1, 1, 0, 1, 0, 0]",-14.0,-10.428212280365814,12
15,[-0.2096675  -0.29901529],"[1, 0, 0, 0, 1, 1, 0, 1]",-15.0,-12.551527342421727,11
16,[-0.20804656 -0.2879515 ],"[0, 1, 0, 0, 1, 1, 1, 0]",-15.0,-12.5072003802501,11
17,[0.4 1.1],"[1, 1, 0, 1, 1, 0, 0, 0]",-14.0,-9.563813520187527,9
18,[0.11381694 0.89771697],"[1, 1, 0, 0, 0, 1, 1, 0]",-12.0,-9.504043602794631,9
19,[-0.11288553 -0.40382559],"[1, 0, 0, 1, 1, 1, 0, 0]",-12.0,-10.0123491467027,12
20,[0.1068999  0.92715325],"[1, 1, 0, 1, 0, 0, 0, 0]",-10.0,-8.943803865723522,10
21,[0.10605056 0.93163382],"[1, 0, 0, 0, 0, 1, 1, 0]",-13.0,-9.90813234343271,10
22,[-0.00445208 -0.27822602],"[1, 0, 1, 0, 1, 0, 1, 1]",-13.0,-11.546301222242532,12
23,[-0.10020092 -0.51572134],"[1, 1, 1, 0, 1, 0, 1, 0]",-11.0,-9.427934229521682,12
24,[-0.22536822 -0.35907559],"[0, 1, 0, 0, 1, 1, 1, 0]",-12.0,-10.545256875992457,11
25,[0.4 1. ],"[0, 1, 1, 0, 1, 0, 0, 1]",-13.0,-9.524741607494429,9
26,[-0.1600842  -0.60747541],"[0, 1, 0, 0, 1, 1, 0, 1]",-13.0,-9.373078462383294,13
27,[-0.03420903 -0.41063447],"[0, 1, 1, 0, 1, 1, 0, 0]",-12.0,-10.368416913502296,12
28,[-0.03075004 -0.4093861 ],"[0, 0, 1, 0, 1, 0, 1, 1]",-14.0,-10.332516052793716,12
29,[-0.12040532 -0.58482614],"[1, 0, 1, 1, 0, 0, 1, 0]",-12.0,-8.534384826136261,13
30,[0.59796506 0.37542402],"[0, 1, 0, 0, 1, 0, 1, 1]",-14.0,-9.301414365643074,14
31,[0.4 1.1],"[0, 1, 1, 0, 1, 0, 1, 1]",-14.0,-9.133606852233148,9
32,[-0.06807035  0.73020409],"[1, 1, 0, 0, 1, 0, 1, 0]",-11.0,-7.915683594497598,13
33,[-0.08246934 -0.49058572],"[0, 1, 1, 1, 0, 0, 0, 1]",-13.0,-9.805663182176636,12
34,[-0.49368589  0.03934094],"[1, 0, 0, 0, 1, 1, 1, 0]",-14.0,-11.034298768356123,11
35,[0.4 1. ],"[0, 1, 0, 1, 1, 1, 0, 1]",-13.0,-9.752989711631571,9
36,[-0.20662723 -0.28815218],"[1, 1, 0, 0, 1, 1, 0, 0]",-15.0,-12.519688282218942,11
37,[-0.17142282 -0.19627999],"[0, 1, 1, 0, 0, 1, 1, 0]",-15.0,-13.15539913682748,12
38,[-0.18967059 -0.58702068],"[0, 1, 1, 0, 1, 0, 1, 1]",-13.0,-9.067438311573202,12
39,[-0.02527563 -0.39358257],"[0, 0, 0, 1, 0, 1, 1, 0]",-12.0,-10.270310567608046,12
40,[0.4 1. ],"[0, 0, 1, 1, 1, 1, 0, 0]",-13.0,-9.372821257875291,9
41,[-0.03833925 -0.43226186],"[0, 1, 0, 1, 0, 1, 1, 0]",-14.0,-10.416593418396692,12
42,[-0.07914786  0.73981611],"[0, 0, 0, 0, 1, 1, 0, 1]",-13.0,-8.826667060294513,13
43,[-0.00778138 -0.31280568],"[0, 0, 1, 1, 0, 1, 1, 0]",-14.0,-11.083100001073198,12
44,[0.12027061 0.87531911],"[0, 1, 1, 1, 1, 1, 0, 0]",-12.0,-9.114707299798098,10
45,[0.4 1. ],"[1, 0, 1, 1, 0, 1, 0, 0]",-13.0,-10.400327242136544,9
46,[-0.11303878 -0.53949825],"[0, 1, 0, 1, 0, 1, 0, 0]",-12.0,-9.53508095920211,12
47,[-0.05480822 -0.45021927],"[0, 0, 1, 0, 0, 1, 0, 1]",-13.0,-9.539479504048472,12
48,[0.08906546 0.57032697],"[1, 1, 0, 0, 0, 1, 0, 1]",-14.0,-10.856625674340624,13
49,[-0.03970977 -0.4303531 ],"[1, 0, 0, 1, 1, 0, 0, 1]",-13.0,-10.430476697191837,12
50,[-0.08831747 -0.5122087 ],"[1, 1, 1, 0, 1, 1, 0, 0]",-13.0,-9.852908372407546,12
51,[-0.09550058 -0.55472217],"[1, 1, 0, 0, 1, 0, 0, 0]",-11.0,-7.789700397668975,13
52,[0.4 1. ],"[0, 0, 1, 0, 1, 1, 0, 1]",-14.0,-10.303920263119618,9
53,[-0.02719947 -0.39864955],"[1, 0, 0, 0, 1, 0, 1, 1]",-12.0,-10.290336267411073,12
54,[-0.02485336 -0.39121894],"[1, 0, 0, 1, 0, 1, 0, 1]",-12.0,-10.266326281123884,12
55,[-0.04072973 -0.43504613],"[0, 1, 0, 1, 1, 0, 0, 0]",-13.0,-10.4401520088004,12
56,[-0.04264418 -0.43481571],"[1, 0, 0, 1, 1, 0, 0, 1]",-13.0,-10.459533256256464,12
57,[-0.03043139 -0.39333809],"[0, 1, 1, 1, 0, 0, 0, 0]",-13.0,-10.324534431055136,12
58,[0.11397659 0.89734492],"[0, 1, 1, 0, 0, 0, 0, 1]",-12.0,-9.00235115013048,9
59,[-0.03372652 -0.41638906],"[0, 0, 1, 1, 1, 0, 0, 0]",-13.0,-10.363560273720259,12
60,[-0.12837715 -0.55440008],"[1, 0, 0, 0, 1, 1, 0, 1]",-12.0,-9.656350409644698,12
61,[0.4 1. ],"[0, 1, 1, 0, 1, 1, 0, 0]",-14.0,-10.397117602488622,9
62,[-0.21310038 -0.31406313],"[1, 0, 1, 1, 0, 0, 1, 0]",-15.0,-12.605159805589375,11
63,[-0.20718665 -0.2710456 ],"[0, 1, 0, 1, 1, 0, 0, 1]",-15.0,-13.002445151801597,11
64,[-1.06888019  1.31634855],"[1, 0, 0, 0, 0, 1, 0, 1]",-13.0,-8.535519330189013,10
65,[-0.14300598 -0.60768378],"[1, 0, 0, 0, 1, 1, 1, 0]",-12.0,-8.715650516990545,13
66,[0.4 1. ],"[0, 0, 1, 1, 0, 1, 0, 1]",-15.0,-10.507182828964382,9
67,[-0.14593907 -0.57525914],"[0, 0, 0, 1, 1, 0, 0, 1]",-13.0,-9.771551260497494,12
68,[-0.04414425 -0.43852035],"[1, 1, 0, 0, 0, 1, 1, 1]",-13.0,-10.474102794452115,12
69,[0.4 1.1],"[1, 0, 0, 1, 1, 0, 0, 1]",-14.0,-9.633004383047135,9
70,[-0.20661018 -0.28225957],"[0, 0, 1, 1, 1, 0, 1, 0]",-15.0,-12.49101995369015,11
71,[-0.17193767 -0.16623342],"[0, 1, 0, 0, 0, 1, 1, 1]",-15.0,-13.562663616880656,12
72,[-0.00337633 -0.25720652],"[0, 1, 1, 1, 0, 0, 1, 0]",-15.0,-11.533479792392287,12
73,[-0.48876608  0.05053441],"[0, 1, 1, 1, 1, 0, 0, 0]",-14.0,-10.884108004844357,11
74,[0.11644747 0.88703523],"[0, 1, 0, 1, 1, 1, 0, 0]",-13.0,-10.023976952418884,10
75,[-0.16914823 -0.21958686],"[0, 1, 1, 1, 0, 0, 0, 0]",-14.0,-12.691011768893294,12
76,[-0.05315566 -0.51285784],"[0, 0, 0, 0, 1, 0, 1, 1]",-12.0,-8.507637917790094,13
77,[0.4 1. ],"[1, 0, 0, 0, 1, 1, 1, 0]",-15.0,-10.42647529375618,9
78,[-0.03234241 -0.41260678],"[1, 1, 0, 0, 0, 1, 0, 1]",-13.0,-10.349651905806697,12
79,[-0.09520829 -0.56681031],"[0, 0, 1, 0, 0, 1, 1, 1]",-12.0,-8.879420955096657,13
80,[2.99506789e-01 7.56110623e-05],"[1, 0, 1, 0, 0, 0, 1, 1]",-12.0,-9.500668927267359,12
81,[-0.20921196 -0.29123256],"[0, 1, 1, 1, 1, 1, 0, 0]",-14.0,-12.518250805172679,11
82,[-0.09468397 -0.17714959],"[0, 0, 1, 0, 0, 1, 0, 1]",-15.0,-13.192790358161682,12
83,[-0.03286996 -0.4160035 ],"[0, 1, 0, 1, 1, 0, 1, 0]",-12.0,-10.354593068197055,12
84,[0.4 1. ],"[0, 1, 0, 1, 1, 0, 1, 0]",-13.0,-9.685171503680678,9
85,[0.4 1. ],"[1, 0, 1, 0, 1, 1, 1, 0]",-13.0,-10.21858660773835,9
86,[-0.20811507 -0.29967481],"[0, 1, 1, 0, 1, 0, 0, 1]",-15.0,-12.564727033664402,11
87,[-0.03825021 -0.41973325],"[0, 1, 1, 0, 0, 1, 1, 0]",-13.0,-10.410813119715955,12
88,[0.4 1. ],"[0, 1, 0, 1, 0, 0, 1, 1]",-14.0,-10.33701112890876,9
89,[-0.0487508  -0.45202181],"[0, 0, 0, 0, 1, 1, 0, 1]",-13.0,-10.527780845985463,12
90,[-0.00663051 -0.29764084],"[0, 0, 0, 1, 1, 0, 1, 1]",-15.0,-11.571688935362898,12
91,[-1.15151212  1.29989038],"[0, 0, 1, 1, 0, 1, 0, 1]",-11.0,-7.884355302254148,10
92,[-0.47549184  0.05016024],"[0, 1, 1, 0, 0, 0, 1, 1]",-15.0,-10.883858452023611,11
93,[-0.07914786  0.73981611],"[1, 1, 0, 1, 0, 1, 0, 0]",-12.0,-8.826667060294769,13
94,[0.12311434 0.8680476 ],"[1, 1, 1, 0, 0, 1, 0, 0]",-11.0,-9.15164511503674,10
95,[-0.00610509 -0.29696667],"[0, 0, 1, 0, 0, 0, 1, 1]",-14.0,-11.565962937592925,12
96,[0.1099017  0.91259339],"[1, 0, 0, 0, 1, 1, 0, 1]",-12.0,-9.957230306707524,10
97,[0.10869103 0.91814932],"[1, 0, 1, 0, 0, 1, 1, 0]",-14.0,-9.94280151650605,10
98,[-0.04110104 -0.4226966 ],"[0, 1, 0, 0, 0, 1, 1, 0]",-11.0,-9.40644493502284,12
99,[0.4 1. ],"[1, 1, 1, 1, 0, 0, 1, 0]",-13.0,-10.359759211051603,9
