,opt_param,final_state,cost,mean_cost,n_iteration
0,[ 1.43300551 -0.41932173],"[0, 0, 1, 0, 1]",-6.0,-4.6182229527390035,11
1,[ 1.41422874 -0.61414431],"[1, 0, 1, 0, 1]",-4.0,-3.6628524809033722,10
2,[ 1.39912662 -0.86672866],"[0, 1, 1, 0, 0]",-6.0,-4.181090292615126,11
3,[ 1.42740152 -0.59235097],"[0, 0, 1, 1, 1]",-6.0,-4.152582120706064,10
4,[ 1.34845974 -0.65152855],"[1, 0, 1, 0, 1]",-5.0,-3.8210196437204056,16
5,[ 1.38946728 -0.85665121],"[0, 1, 1, 0, 0]",-5.0,-3.7525658757165803,10
6,[ 1.43607765 -0.42668487],"[1, 0, 1, 0, 1]",-6.0,-4.631494104155258,11
7,[ 1.43607765 -0.42668487],"[0, 0, 1, 1, 0]",-6.0,-4.631494104155257,11
8,[ 1.1 -0.4],"[0, 0, 1, 1, 0]",-6.0,-5.051048496056137,9
9,[ 1.51129708 -0.7814928 ],"[0, 0, 0, 1, 1]",-6.0,-3.302324307839744,11
10,[ 1.43607765 -0.42668487],"[0, 0, 1, 1, 0]",-6.0,-4.631494104155259,11
11,[ 1.34845974 -0.65152855],"[0, 1, 1, 1, 0]",-5.0,-3.8210196437204638,16
12,[ 1.34845974 -0.65152855],"[0, 0, 1, 1, 1]",-5.0,-3.821019643720425,16
13,[ 1.38946728 -0.85665121],"[0, 1, 1, 0, 1]",-5.0,-3.7525658757165736,10
14,[ 1.1 -0.4],"[1, 0, 0, 1, 0]",-6.0,-5.051048496056134,9
15,[ 1.43300551 -0.41932173],"[1, 1, 1, 0, 0]",-6.0,-4.618222952739001,11
16,[ 1.38946728 -0.85665121],"[0, 0, 1, 1, 0]",-5.0,-3.7525658757163813,10
17,[ 1.42871202 -0.58978873],"[1, 1, 1, 0, 0]",-5.0,-4.1574267214312455,10
18,[ 1.34845974 -0.65152855],"[1, 0, 0, 1, 0]",-5.0,-3.821019643720672,16
19,[ 1.33929389 -0.82104022],"[0, 1, 0, 1, 0]",-5.0,-3.44785063063478,10
20,[ 1.42670532 -0.9063238 ],"[0, 0, 0, 1, 1]",-3.0,-2.4382710124818834,10
21,[ 1.41675186 -0.88957437],"[1, 1, 0, 1, 0]",-4.0,-3.1071391885701964,10
22,[ 1.1 -0.4],"[0, 1, 1, 0, 1]",-6.0,-5.051048496056128,9
23,[ 1.34845974 -0.65152855],"[1, 1, 0, 1, 0]",-5.0,-3.821019643720382,16
24,[ 1.42871202 -0.58978873],"[1, 1, 1, 0, 0]",-5.0,-4.15742672143124,10
25,[ 1.43300551 -0.41932173],"[1, 0, 0, 1, 1]",-6.0,-4.618222952739003,11
26,[ 1.43607765 -0.42668487],"[0, 0, 1, 1, 0]",-6.0,-4.63149410415526,11
27,[ 1.42871202 -0.58978873],"[1, 0, 1, 1, 0]",-5.0,-4.157426721431252,10
28,[ 1.43300551 -0.41932173],"[1, 0, 0, 0, 1]",-6.0,-4.618222952739012,11
29,[ 1.43300551 -0.41932173],"[0, 0, 1, 1, 1]",-6.0,-4.618222952739005,11
30,[ 1.43607765 -0.42668487],"[1, 1, 0, 1, 0]",-6.0,-4.631494104155259,11
31,[ 1.  -0.4],"[1, 0, 1, 0, 1]",-6.0,-4.78340625993369,9
32,[ 1.42871202 -0.58978873],"[0, 1, 1, 1, 0]",-5.0,-4.157426721431248,10
33,[ 1.38946728 -0.85665121],"[0, 1, 0, 1, 1]",-5.0,-3.7525658757165803,10
34,[ 1.41675186 -0.88957437],"[0, 1, 1, 1, 0]",-4.0,-3.1071391885701938,10
35,[ 1.43300551 -0.41932173],"[0, 0, 1, 1, 1]",-6.0,-4.61822295273901,11
36,[ 1.39912662 -0.86672866],"[1, 0, 1, 0, 1]",-6.0,-4.181090292615132,11
37,[ 1.18442785 -1.28367091],"[0, 1, 1, 0, 1]",-3.0,-2.2767350922214287,11
38,[ 1.1 -0.4],"[1, 1, 0, 0, 0]",-6.0,-5.051048496056143,9
39,[ 1.29743277 -2.42191029],"[0, 0, 1, 1, 0]",-4.0,-3.1243443520015597,13
40,[ 1.43300551 -0.41932173],"[0, 1, 1, 0, 1]",-6.0,-4.618222952739003,11
41,[ 1.39912662 -0.86672866],"[0, 1, 0, 0, 1]",-6.0,-4.181090292615132,11
42,[ 1.03693038 -2.59887359],"[1, 1, 0, 0, 1]",-5.0,-3.5171521046304615,12
43,[ 1.  -0.4],"[0, 1, 0, 1, 1]",-6.0,-4.783406259933799,9
44,[ 1.43300551 -0.41932173],"[1, 1, 1, 0, 0]",-6.0,-4.618222952739012,11
45,[ 1.26745522 -2.45572428],"[0, 0, 0, 1, 1]",-4.0,-3.1619286794394914,14
46,[ 1.43608835 -0.42671203],"[0, 1, 0, 1, 1]",-5.0,-4.051665620557286,11
47,[ 1.39912662 -0.86672866],"[1, 1, 0, 0, 1]",-6.0,-4.181090292615128,11
48,[ 1.38946728 -0.85665121],"[1, 0, 1, 0, 0]",-5.0,-3.7525658757165847,10
49,[ 1.  -0.4],"[1, 1, 0, 0, 0]",-6.0,-4.783406259933809,9
50,[ 1.34845974 -0.65152855],"[1, 1, 0, 0, 0]",-5.0,-3.8210196437206436,16
51,[ 1.33929389 -0.82104022],"[1, 0, 1, 0, 1]",-5.0,-3.4478506306347754,10
52,[ 1.38946728 -0.85665121],"[0, 0, 0, 1, 1]",-5.0,-3.7525658757165776,10
53,[ 1.29743277 -2.42191029],"[0, 0, 0, 1, 1]",-4.0,-3.1243443520015965,13
54,[ 1.34845974 -0.65152855],"[1, 0, 0, 1, 0]",-5.0,-3.8210196437204957,16
55,[ 1.1 -0.4],"[1, 0, 0, 1, 0]",-6.0,-5.051048496056145,9
56,[ 1.34845974 -0.65152855],"[1, 1, 0, 0, 0]",-5.0,-3.8210196437204873,16
57,[ 1.  -0.4],"[1, 0, 0, 0, 1]",-6.0,-4.783406259933816,9
58,[ 1.43607765 -0.42668487],"[0, 1, 1, 0, 0]",-6.0,-4.631494104155251,11
59,[ 1.1 -0.4],"[1, 0, 0, 0, 1]",-6.0,-5.051048496056154,9
60,[ 1.43300551 -0.41932173],"[1, 0, 0, 1, 0]",-6.0,-4.618222952739004,11
61,[ 1.1 -0.4],"[0, 1, 0, 1, 1]",-6.0,-5.05104849605616,9
62,[ 1.1 -0.4],"[0, 0, 1, 0, 1]",-6.0,-5.051048496056132,9
63,[ 1.42871202 -0.58978873],"[1, 1, 0, 1, 0]",-5.0,-4.1574267214312455,10
64,[ 1.34845974 -0.65152855],"[0, 0, 1, 0, 1]",-5.0,-3.8210196437205015,16
65,[ 1.39912662 -0.86672866],"[0, 0, 1, 0, 1]",-6.0,-4.181090292615122,11
66,[ 1.03693038 -2.59887359],"[1, 1, 0, 1, 0]",-5.0,-3.517152104630427,12
67,[ 1.42871202 -0.58978873],"[0, 1, 1, 0, 0]",-5.0,-4.157426721431243,10
68,[ 1.43300551 -0.41932173],"[0, 1, 1, 1, 0]",-6.0,-4.6182229527390115,11
69,[ 1.42749609 -0.90783093],"[0, 0, 0, 1, 1]",-4.0,-3.0328171401194544,10
70,[ 1.34845974 -0.65152855],"[0, 0, 0, 1, 1]",-5.0,-3.821019643720418,16
71,[ 1.43300551 -0.41932173],"[0, 1, 1, 0, 1]",-6.0,-4.6182229527390035,11
72,[ 1.43300551 -0.41932173],"[1, 1, 0, 0, 0]",-6.0,-4.61822295273901,11
73,[ 1.42871202 -0.58978873],"[0, 0, 1, 1, 1]",-5.0,-4.157426721431248,10
74,[ 1.38946728 -0.85665121],"[1, 1, 0, 0, 1]",-5.0,-3.7525658757163805,10
75,[ 1.42871202 -0.58978873],"[0, 0, 0, 1, 1]",-5.0,-4.157426721431244,10
76,[ 1.42561754 -0.59569995],"[1, 0, 0, 1, 1]",-4.0,-3.0107783975340556,10
77,[ 1.42871202 -0.58978873],"[1, 0, 0, 0, 1]",-5.0,-4.157426721431244,10
78,[ 1.43300551 -0.41932173],"[1, 0, 0, 1, 0]",-6.0,-4.61822295273901,11
79,[ 1.43607765 -0.42668487],"[0, 0, 1, 0, 1]",-6.0,-4.631494104155264,11
80,[ 1.39912662 -0.86672866],"[0, 0, 1, 0, 1]",-6.0,-4.181090292615134,11
81,[ 1.43300551 -0.41932173],"[0, 1, 1, 1, 0]",-6.0,-4.618222952739013,11
82,[ 1.42871202 -0.58978873],"[0, 1, 1, 0, 1]",-5.0,-4.1574267214312455,10
83,[ 1.34845974 -0.65152855],"[0, 1, 1, 0, 1]",-5.0,-3.8210196437205397,16
84,[ 1.43608835 -0.42671203],"[1, 1, 1, 0, 0]",-5.0,-4.051665620557298,11
85,[ 1.38946728 -0.85665121],"[1, 0, 1, 0, 0]",-5.0,-3.752565875716579,10
86,[ 1.43300551 -0.41932173],"[1, 1, 0, 1, 0]",-6.0,-4.618222952739012,11
87,[ 1.42871202 -0.58978873],"[1, 1, 0, 0, 0]",-5.0,-4.157426721431235,10
88,[ 1.1 -0.4],"[0, 1, 1, 1, 0]",-6.0,-5.051048496056171,9
89,[ 1.32681716 -0.81534052],"[1, 1, 1, 0, 0]",-4.0,-2.826731333759466,10
90,[ 1.42871202 -0.58978873],"[1, 0, 1, 0, 1]",-5.0,-4.157426721431251,10
91,[ 1.1 -0.4],"[0, 0, 1, 1, 0]",-6.0,-5.051048496056186,9
92,[ 1.1 -0.4],"[1, 0, 1, 1, 0]",-6.0,-5.051048496056132,9
93,[ 1.1 -0.4],"[0, 0, 1, 1, 0]",-6.0,-5.051048496056172,9
94,[ 1.39912662 -0.86672866],"[0, 0, 1, 1, 1]",-6.0,-4.181090292615132,11
95,[ 1.38946728 -0.85665121],"[0, 1, 1, 0, 0]",-5.0,-3.7525658757165803,10
96,[ 1.41675186 -0.88957437],"[0, 1, 0, 1, 0]",-4.0,-3.1071391885701933,10
97,[ 1.  -0.4],"[0, 1, 1, 0, 0]",-6.0,-4.7834062599339315,9
98,[ 1.34845974 -0.65152855],"[0, 1, 0, 0, 1]",-5.0,-3.8210196437200765,16
99,[ 1.1 -0.4],"[0, 0, 1, 0, 1]",-6.0,-5.051048496056133,9
