,opt_param,final_state,cost,mean_cost,n_iteration
0,[0.4 1. ],"[0, 0, 1, 1, 0, 0, 1]",-11.0,-8.167517676316402,9
1,[0.46283321 0.64012275],"[1, 1, 1, 0, 1, 0, 0]",-12.0,-8.294724919266756,13
2,[-0.05547305 -0.46359421],"[1, 0, 0, 0, 1, 1, 0]",-12.0,-8.499650022656427,12
3,[-0.12177404 -0.58495117],"[1, 1, 0, 0, 1, 1, 0]",-10.0,-7.4301073765922165,13
4,[-0.05054854 -0.44302873],"[1, 0, 0, 1, 0, 1, 0]",-10.0,-8.452355571491779,12
5,[-0.12809764 -0.58770433],"[1, 1, 0, 0, 0, 1, 1]",-9.0,-6.42233668211785,13
6,[-0.12068348 -0.53169852],"[1, 0, 1, 0, 0, 1, 1]",-10.0,-7.935011850646451,12
7,[-0.04043029 -0.41715968],"[0, 1, 1, 0, 1, 1, 0]",-11.0,-8.359332852846798,12
8,[0.00872913 0.63869668],"[1, 0, 1, 0, 1, 1, 1]",-9.0,-7.573041415255115,14
9,[0.2 1.1],"[0, 1, 0, 0, 1, 1, 1]",-12.0,-8.535209118116493,8
10,[-0.17067059 -0.5094544 ],"[1, 0, 1, 1, 0, 0, 1]",-9.0,-6.668389611032389,13
11,[0.4 1. ],"[0, 0, 1, 0, 0, 1, 1]",-10.0,-7.561513715069755,9
12,[-0.07292894 -0.44870437],"[0, 1, 0, 1, 0, 1, 1]",-12.0,-8.633991050006522,12
13,[-0.05563543 -0.4653411 ],"[1, 0, 0, 1, 1, 0, 1]",-10.0,-8.500979756658706,12
14,[-0.04976603 -0.5103619 ],"[1, 0, 0, 1, 1, 0, 0]",-10.0,-6.904991515522789,13
15,[0.4 1. ],"[0, 1, 0, 0, 0, 1, 1]",-11.0,-8.414140666809276,9
16,[-0.12252918 -0.53221216],"[1, 0, 0, 0, 1, 0, 1]",-10.0,-7.947916694960361,12
17,[-0.02091195 -0.3816998 ],"[1, 1, 0, 0, 1, 0, 1]",-10.0,-8.184033892575158,12
18,[-0.03215389 -0.41121893],"[0, 1, 0, 1, 0, 0, 1]",-10.0,-8.28764509750824,12
19,[0.45017602 0.49891038],"[1, 0, 1, 0, 0, 1, 1]",-10.0,-7.791558208480695,12
20,[0.4 1. ],"[1, 1, 0, 0, 0, 0, 1]",-12.0,-8.537675730603528,9
21,[-0.15297715 -0.58437922],"[0, 0, 1, 0, 1, 1, 0]",-10.0,-7.592044497187024,12
22,[-1.41630249  1.01010252],"[1, 0, 1, 1, 1, 0, 0]",-8.0,-6.560104031360193,11
23,[0.4 1.1],"[1, 1, 1, 1, 0, 0, 0]",-10.0,-7.609907963833828,9
24,[0.4 1.1],"[1, 0, 0, 0, 1, 0, 1]",-12.0,-8.217399504854232,9
25,[-0.06754122 -0.52669699],"[1, 1, 0, 1, 0, 1, 0]",-9.0,-7.040110198682414,13
26,[0.12754652 0.85520629],"[0, 1, 0, 0, 1, 1, 1]",-11.0,-8.106562421708782,10
27,[-1.15203324  1.28343503],"[0, 0, 1, 1, 1, 0, 0]",-9.0,-6.019886062776828,10
28,[0.4 1.1],"[1, 0, 1, 1, 0, 0, 0]",-10.0,-7.095618727636651,9
29,[-0.03230016 -0.41715791],"[0, 1, 0, 1, 0, 1, 1]",-11.0,-8.28877165472577,12
30,[-0.21832698 -0.34468525],"[0, 0, 0, 1, 1, 1, 0]",-11.0,-9.324005194270127,11
31,[-0.13615241 -0.56942807],"[0, 1, 0, 1, 0, 0, 1]",-10.0,-8.022840970083703,12
32,[-0.32402606 -0.70332303],"[0, 1, 0, 0, 1, 1, 0]",-10.0,-7.843439099111972,14
33,[0.10755507 0.92497519],"[1, 1, 0, 1, 0, 0, 1]",-9.0,-6.474762805999549,10
34,[0.45893469 0.47413017],"[0, 1, 1, 1, 0, 0, 1]",-12.0,-9.15404126703585,12
35,[0.4 1. ],"[1, 0, 1, 0, 0, 1, 1]",-10.0,-7.561513715069746,9
36,[-0.0340312  -0.36627829],"[1, 1, 0, 0, 0, 1, 1]",-10.0,-8.288480424065408,12
37,[-0.13681023 -0.55550745],"[0, 1, 1, 0, 0, 1, 1]",-10.0,-8.046333975249409,12
38,[-0.06464877 -0.44863365],"[0, 1, 1, 0, 0, 0, 1]",-11.0,-8.568747899331488,12
39,[0.55320985 0.3343683 ],"[1, 1, 0, 1, 0, 1, 0]",-9.0,-6.322339668348964,13
40,[-0.10008833 -0.51330931],"[0, 1, 0, 1, 1, 0, 0]",-10.0,-7.787345370187202,12
41,[0.4 1. ],"[1, 1, 1, 0, 0, 1, 0]",-11.0,-8.39262043855035,9
42,[-0.04159061 -0.43723574],"[1, 1, 1, 0, 0, 1, 0]",-11.0,-8.375220881909817,12
43,[0.2 1.1],"[0, 1, 0, 1, 0, 1, 1]",-11.0,-8.543193446095998,8
44,[0.2 1. ],"[1, 1, 0, 0, 1, 0, 0]",-12.0,-9.985760498236022,8
45,[0.00872913 0.63869668],"[0, 1, 0, 0, 1, 1, 0]",-10.0,-7.573041415255253,14
46,[-1.1084618   1.30846379],"[1, 0, 1, 0, 1, 0, 1]",-9.0,-6.185370933877088,10
47,[-0.13393355 -0.5598904 ],"[0, 0, 1, 0, 1, 0, 1]",-10.0,-8.021984953581677,12
48,[0.4 1.1],"[1, 1, 0, 0, 1, 0, 0]",-10.0,-7.591205189164401,9
49,[-1.41574063  1.01842603],"[0, 1, 0, 0, 1, 0, 1]",-8.0,-6.549231009742639,11
50,[-0.07119419 -0.49581523],"[0, 1, 1, 0, 1, 0, 1]",-10.0,-7.567833985520513,12
51,[-0.16269085 -0.60851049],"[1, 0, 1, 1, 0, 0, 1]",-9.0,-7.678152374852316,13
52,[-0.06942597 -0.46850756],"[1, 1, 1, 0, 0, 0, 0]",-11.0,-8.614275026817,12
53,[-0.13233064 -0.58270596],"[0, 0, 1, 0, 0, 1, 1]",-9.0,-5.906292515800007,13
54,[0.56997067 0.3326872 ],"[1, 0, 1, 0, 1, 0, 0]",-12.0,-8.046308502072135,14
55,[0.39484757 0.44510459],"[1, 1, 0, 0, 0, 0, 1]",-12.0,-9.956499534905056,12
56,[-0.03351934 -0.4153069 ],"[0, 1, 1, 0, 0, 0, 0]",-10.0,-8.300313988611128,12
57,[0.39404799 0.4484291 ],"[0, 1, 1, 0, 0, 0, 1]",-12.0,-9.629247663023415,12
58,[0.4 1. ],"[0, 1, 1, 1, 0, 0, 1]",-10.0,-7.198216664318992,9
59,[-1.11703426  1.31468369],"[1, 0, 1, 1, 0, 0, 1]",-11.0,-6.978867101209926,10
60,[-0.04745575 -0.41979411],"[1, 0, 0, 0, 1, 1, 1]",-11.0,-8.418763378722948,12
61,[0.4 1. ],"[0, 1, 0, 1, 0, 1, 1]",-10.0,-7.722106660755042,9
62,[0.10906441 0.64574764],"[0, 0, 0, 0, 1, 1, 1]",-10.0,-7.803688544947794,12
63,[0.4 1.1],"[0, 1, 0, 0, 1, 1, 1]",-11.0,-7.579035297815765,9
64,[-0.03540886 -0.41308314],"[0, 0, 1, 1, 0, 1, 1]",-10.0,-8.315923065711159,12
65,[-0.05558562 -0.52220626],"[0, 1, 0, 1, 0, 1, 1]",-11.0,-7.474742636356243,13
66,[-0.06531236 -0.45024564],"[0, 0, 1, 0, 1, 1, 0]",-10.0,-8.047417450188886,12
67,[-0.05004598 -0.44417732],"[0, 0, 1, 0, 1, 0, 1]",-11.0,-8.446103256506115,12
68,[-0.11960479 -0.53452671],"[1, 1, 0, 0, 1, 0, 0]",-10.0,-7.929576399595814,12
69,[-1.41677337  1.00447035],"[1, 0, 0, 0, 0, 0, 1]",-8.0,-6.57217463275841,11
70,[-0.04735253 -0.5001905 ],"[1, 0, 0, 0, 1, 1, 1]",-11.0,-7.401042025159137,13
71,[-0.05947169 -0.42513702],"[0, 1, 0, 1, 1, 0, 0]",-11.0,-8.517862009589663,12
72,[-0.05359498 -0.44437093],"[1, 0, 1, 0, 1, 0, 1]",-11.0,-8.477948143534386,12
73,[-0.05668531 -0.45353287],"[0, 1, 1, 1, 1, 1, 0]",-10.0,-7.97753875383805,12
74,[-1.09650909  1.30480726],"[0, 1, 0, 1, 0, 1, 1]",-9.0,-6.197011771373415,10
75,[0.4 1. ],"[0, 0, 1, 0, 1, 0, 1]",-11.0,-8.39262043855036,9
76,[-0.08971082 -0.57237072],"[0, 0, 0, 1, 0, 1, 1]",-10.0,-7.216090028208464,13
77,[-0.02534999 -0.38765179],"[1, 0, 0, 1, 0, 0, 1]",-11.0,-8.222285591112028,12
78,[0.4 1.1],"[0, 0, 0, 1, 1, 1, 0]",-10.0,-7.6099079638338845,9
79,[-0.12426796 -0.56236886],"[1, 1, 0, 1, 1, 0, 0]",-10.0,-7.4047222303922595,12
80,[-0.04299996 -0.42119083],"[1, 1, 0, 0, 0, 1, 1]",-11.0,-8.380325506746587,12
81,[-0.07128344 -0.45772242],"[0, 1, 1, 1, 0, 0, 1]",-10.0,-7.557031173317123,12
82,[-0.16323289 -0.31344488],"[1, 1, 0, 0, 0, 1, 1]",-11.0,-9.048188246163587,12
83,[-0.05051583 -0.44301408],"[1, 1, 1, 0, 1, 0, 0]",-11.0,-8.452079554987746,12
84,[-0.06196545 -0.48045009],"[1, 1, 0, 0, 0, 0, 1]",-11.0,-8.02898604676537,12
85,[0.4 1. ],"[0, 0, 0, 1, 1, 1, 0]",-11.0,-8.297947933832724,9
86,[-0.04583195 -0.44093376],"[1, 0, 1, 0, 0, 1, 1]",-11.0,-8.41229075667737,12
87,[0.46239926 0.45884186],"[1, 0, 0, 1, 0, 1, 1]",-11.0,-8.965980392142885,12
88,[-1.4202602   1.06008257],"[0, 1, 0, 1, 0, 1, 0]",-8.0,-6.468978381558699,11
89,[-0.35629052 -0.7019879 ],"[1, 0, 0, 0, 1, 1, 1]",-10.0,-8.113826861315808,14
90,[0.4 1. ],"[0, 0, 1, 0, 1, 0, 1]",-10.0,-7.756731756013613,9
91,[-1.19781001  1.27232838],"[0, 0, 0, 0, 1, 1, 1]",-10.0,-6.117780157129174,10
92,[-0.16712067 -0.59382965],"[0, 1, 0, 1, 0, 1, 1]",-10.0,-7.682090045402458,12
93,[-0.47079391 -0.67513027],"[0, 0, 1, 1, 0, 1, 1]",-9.0,-6.643324063545304,12
94,[-1.12726409  1.30310511],"[0, 0, 1, 0, 1, 1, 0]",-10.0,-6.179522733159869,10
95,[0.39291013 0.45277956],"[0, 1, 0, 1, 0, 0, 1]",-10.0,-8.205407588705475,12
96,[-0.12543865 -0.59318268],"[0, 0, 0, 1, 0, 1, 1]",-9.0,-6.393192598163445,13
97,[-0.10556397 -0.5295113 ],"[0, 1, 0, 1, 0, 1, 0]",-9.0,-7.271653562173192,12
98,[0.45135277 0.49473056],"[1, 1, 1, 0, 0, 1, 0]",-10.0,-8.302896697198426,12
99,[-0.13083037 -0.57863038],"[0, 0, 0, 1, 1, 1, 0]",-9.0,-6.457798828791596,13
