3.346696834267380893e+01 9.539017559067505658e+01
3.020386873568565633e+01 1.038730798917192288e+01
1.154764370236290816e+01 8.752114497929683523e+01
9.955082839507987558e+01 4.614257498346262309e+01
4.063853584627224080e+01 9.725551238513773455e+00
8.835683453239020935e+01 7.251564984528040725e+01
2.707133832708155197e+01 1.088733472313081485e+01
4.958219669135051078e+01 3.303868624247181174e+01
8.611153962236038240e+01 8.821028664832586230e+01
8.943618343252757086e+01 8.437104557187772969e+01
9.894876121014327452e+01 7.121958312532894908e+00
5.709608017988851714e+01 4.203966818238313863e+01
4.591158660127026003e+00 5.686458124010166415e+01
7.570957164234596348e+01 3.705568790830103865e+01
3.762135750489973418e+01 3.837669808314523578e+01
9.572544149658867241e+01 3.531134843093004605e+01
5.423880743199294585e+00 2.276778268397901073e+01
1.761478824529709897e+01 2.898861149345693988e+01
3.934044918791826007e+01 6.690820239193917551e+00
9.803630777724863776e+01 3.869712322413468542e+01
4.078416931471154072e+01 9.911793135873659821e+01
4.493345010715873400e+01 6.479574746657927165e+01
4.101855138309291249e+01 2.952565453633562242e+01
7.120180821994326337e+00 5.500369969724159347e+01
7.255159815500410048e+01 5.896909778365526478e+01
7.566188226032343778e+01 8.487005757370181414e+01
9.119516211000798478e+01 5.942706072316795485e+01
8.485107946594445139e+01 9.135085003179422358e+01
3.475909004570094396e+01 3.330406160664488624e+01
3.275966875195025807e+01 5.221591984201695880e+01
4.413409790532119104e+01 8.329287101299269125e+01
4.038987607479889164e+01 8.316054720854904758e+01
5.297950476640376394e+01 4.405150227072949320e+01
7.882776798396309914e+01 8.786052960758318875e+01
9.586829136993369360e+00 1.676208607426539032e+01
9.585981397110053592e+01 2.670360355516812234e+01
9.549030262412863124e+01 1.157174158056512070e+01
8.439447916872622102e+01 5.010539436812651815e+01
6.053169848686630417e+01 5.540490682637453546e+01
4.414832702014825472e+00 1.594024100961116730e+01
6.607424412378496470e+01 1.878455531403304590e+01
6.414156144652692149e+01 7.766468677411731392e+01
1.936017224414852222e+01 6.926634804960748681e+01
3.805821595024924164e+01 7.573124456207406752e+01
3.495794708253316685e+01 6.228994054893342991e+01
6.947363259181666706e+01 6.722494904613279232e+01
7.101297599997998589e+01 5.716814090793639025e+01
8.415656004623778585e+01 9.951135334352223083e+01
4.371081105106774345e+01 1.569893497826417850e+01
5.874410698995290403e+01 8.313386424827035626e+01
1.930449076429856348e+01 2.832303178492157159e+01
5.965777132167803387e+01 9.543128235292830652e+01
8.333656289351995383e+01 3.253587194161829643e+01
7.974015234776258865e+01 5.310904909335343405e+01
9.629413372734272514e+01 5.030350394431181371e+01
3.593785882019654565e+01 1.315679057095532301e+01
6.841581103433824751e+00 7.201654535603540808e+01
9.982489608768794653e+01 4.800781302423256136e+01
3.000706885038237814e+01 7.129837944975784580e+01
6.292014061700827909e+01 8.438363411250807644e+01
4.291534785394605933e+01 1.923608234665441330e+01
8.094393463313586778e+01 6.427623011414947030e+01
7.012890527058557666e+01 6.748739863878948597e+01
7.820322498211989171e+01 4.081035367038580119e+01
7.787012909644403180e+01 9.542591808835373968e+01
9.802015112248575690e+01 9.966839039817502055e+01
1.965039372282286934e+01 3.066249642131555575e+01
8.057642303947220341e+01 6.131111548724388172e+01
3.076496694136291410e+01 9.726951632999887920e+01
6.015841577803568185e+01 6.975565780841277785e+01
3.262651471876017695e+01 7.874849624899495382e+01
6.786805403463289110e+01 9.357396796902673941e+01
4.797915749699354393e+01 9.887166903663601403e+00
2.639097775307012128e+01 5.580645867641087676e+01
7.593418749115402022e+01 2.896854623240561111e+01
4.218590689954959672e+00 1.919469287291700610e+01
6.133731188289005587e+01 2.047514746013143849e+01
5.110251895974172953e+01 2.577763959914569636e+00
7.183653757959628194e+01 1.530151767000736918e+01
6.207427576781023504e+01 2.903783014907125448e+01
6.353596894538606676e+01 4.449852536824527860e+00
5.121354766266895808e+01 9.541908988436176742e+01
7.073188640725180676e+01 6.613190158821038267e+01
1.665167572222877723e+01 5.795407862517535591e+01
2.477241044583310270e+01 3.634612735436636655e+01
3.715856337501354290e+01 1.132858735599098310e+01
8.206121955746590402e+01 9.999234898543393513e+01
2.450059251326247534e+01 3.554288858403912599e+01
8.022326965572059976e+01 5.133337035827621975e+01
4.086819787816361327e+01 1.962083350519066016e+01
6.731759636640131816e+01 3.949174076893470442e+01
3.465399647365386215e+01 3.177749424138144363e+01
8.106990364719337094e+01 4.935248876062441070e+01
3.435337710511288112e+00 7.389198102089745035e+00
1.136842200368073463e+01 9.616599793172157717e+01
9.840163189384549014e+01 8.876786403803993153e+01
8.094459745966622677e+01 4.141151828807441149e+01
1.834486985860642605e+01 6.952970561905755176e+01
5.845035922901485748e+01 6.618697948778142859e+01
3.482643315510305371e+01 2.571828686618432513e+01
6.999024731346095507e+01 8.261314896236937599e-01
8.323900508659833974e+01 8.423585660359677263e+00
1.270039835677425621e+01 3.817143209773900026e+01
8.201423904583519686e+01 2.322821042982179307e+01
3.943358665317817469e+01 9.150822578687342457e+01
5.373323731784626034e+01 2.706087460254943267e+01
3.607526821062575806e+01 5.296310236824389506e+01
1.426195383629623770e+01 8.159077100913513902e+01
4.020213904733316213e+01 2.168946847583849191e+01
4.858156136778851675e+01 8.543664152158491731e+00
9.479853298780933812e+01 4.790451490168976534e+01
9.826122278905073415e+01 6.973196876262688804e+00
8.290206528867173574e+01 7.836527297160552052e+01
4.497616623387368406e+01 1.187542464085369431e+01
5.315482003775822051e+01 1.694941631567248308e+01
7.663728796962672618e+01 4.123474157083862224e+00
8.485787668937049943e+01 8.439017576808048204e+01
3.567860925251075344e+01 7.984085557589006044e+01
1.416247743274232640e+01 3.653402726296912562e+01
6.792951240311548133e+01 4.244593940137480104e+01
