64646.61962996055 ([0, 1, 1, 1, 0, 1, 1, 1, 1, 0, 1, 0, 1, 1, 0, 1], 24340.201213166696)
64599.34136478192 ([1, 1, 1, 1, 0, 0, 0, 1, 0, 0, 0, 0, 0, 1, 0, 1], 6788.457021686888)
64660.54581990403 ([1, 0, 1, 1, 0, 0, 1, 0, 0, 1, 1, 0, 1, 1, 0, 0], 28577.13525592492)
64886.95117467123 ([], 32498.10664983326)
64729.85221761627 ([1, 0, 1, 1, 1, 1, 0, 1, 1, 1, 1, 0, 1, 0, 0, 1], 26310.814420412535)
64407.16460038142 ([0, 1, 0, 1, 1, 1, 1, 0, 1, 0, 1, 1, 1, 1, 0, 0], 56230.00745085599)
64521.0958401744 ([1, 1, 1, 1, 0, 1, 1, 1, 0, 1, 0, 0, 0, 0, 1, 1], -1846.433395739585)
64398.51933836339 ([1, 1, 1, 1, 0, 0, 0, 0, 0, 1, 1, 1, 0, 0, 0, 1], 4270.151649750338)
64676.789613194305 ([], 564.4374075329097)
64716.14778552925 ([1, 1, 0, 1, 0, 0, 1, 0, 0, 0, 0, 0, 0, 0, 0, 1], 41449.19258365206)
64655.13853690581 ([1, 1, 1, 1, 0, 0, 0, 1, 1, 0, 0, 0, 0, 0, 1, 0], 2588.2562937558396)
64537.65496396198 ([1, 1, 1, 1, 1, 1, 0, 1, 1, 1, 1, 1, 1, 0, 0, 0], 73.6058723094011)
64449.41357063135 ([], 24205.699168409556)
64683.551645402425 ([1, 1, 1, 0, 1, 1, 0, 1, 0, 1, 1, 0, 1, 1, 1, 1], 28133.24574415365)
64637.903040685866 ([1, 1, 1, 1, 0, 0, 1, 0, 1, 1, 0, 0, 1, 1, 1, 1], -1774.4517851344553)
64649.81675016205 ([1, 1, 1, 1, 0, 1, 0, 0, 1, 1, 0, 0, 1, 0, 1, 0], -1513.3641970635817)
64860.92528136074 ([1, 0, 1, 1, 1, 0, 0, 0, 0, 0, 1, 1, 0, 1, 1, 1], 28677.943567884613)
64582.86028548672 ([1, 1, 1, 1, 0, 0, 0, 1, 0, 1, 1, 0, 1, 0, 0, 0], -1441.777428900153)
64436.0110114531 ([1, 1, 1, 0, 1, 1, 0, 1, 1, 1, 0, 1, 0, 0, 0, 0], 32305.060915090493)
64527.1390598986 ([0, 1, 1, 1, 1, 0, 0, 1, 1, 1, 1, 0, 1, 1, 0, 1], 24220.251804973188)
64602.45742529769 ([1, 1, 0, 1, 1, 0, 0, 1, 0, 0, 1, 1, 1, 0, 1, 1], 28323.05924485093)
64679.77104092409 ([1, 1, 1, 1, 0, 0, 0, 1, 0, 0, 0, 0, 1, 1, 0, 0], 4848.117117729741)
64719.8937024553 ([1, 0, 1, 1, 1, 0, 0, 1, 0, 1, 0, 0, 1, 0, 1, 1], 28533.457493022892)
64505.69840105151 ([1, 1, 1, 1, 0, 0, 1, 0, 0, 0, 1, 0, 0, 1, 1, 1], 2230.473267372957)
64869.427963185204 ([1, 1, 1, 1, 1, 1, 0, 1, 1, 1, 1, 1, 1, 0, 1, 0], -1766.7373782058967)
64692.98940494206 ([0, 1, 1, 1, 1, 0, 1, 1, 1, 0, 1, 0, 1, 1, 0, 1], 24317.762759332298)
64326.54249663335 ([0, 1, 1, 1, 1, 1, 1, 0, 0, 1, 0, 1, 1, 0, 0, 1], 24204.644351904182)
64286.76663638767 ([1, 0, 1, 1, 0, 1, 0, 1, 0, 0, 1, 1, 1, 0, 0, 0], 28280.689051380235)
64613.82785108127 ([1, 1, 1, 1, 1, 1, 1, 0, 0, 1, 1, 1, 1, 1, 0, 1], -3925.688442063665)
64664.86809704247 ([1, 1, 1, 1, 0, 1, 0, 1, 0, 1, 1, 0, 1, 1, 1, 0], -3663.8267397601867)
